.10000E+05 1505.00 38.88971
.20100E+07 1505.00 38.99071
.40100E+07 1505.00 39.07403
.60100E+07 1505.00 38.81290
.80100E+07 1505.00 38.67562
.10010E+08 1505.00 38.54489
.12010E+08 1505.00 38.42778
.14010E+08 1505.00 38.33227
.16010E+08 1505.00 38.24323
.18010E+08 1505.00 38.17355
.20010E+08 1505.00 38.11027
.22010E+08 1505.00 38.05442
.24010E+08 1505.00 38.00317
.26010E+08 1505.00 37.95786
.28010E+08 1505.00 37.91579
.30010E+08 1505.00 37.87768
.32010E+08 1505.00 37.84454
.34010E+08 1505.00 37.81138
.36010E+08 1505.00 37.78040
.38010E+08 1505.00 37.75095
.40010E+08 1505.00 37.72338
.42010E+08 1505.00 37.69819
.44010E+08 1505.00 37.67379
.46010E+08 1505.00 37.65032
.48010E+08 1505.00 37.62746
.50010E+08 1505.00 37.60561
.52010E+08 1505.00 37.58471
.54010E+08 1505.00 37.56509
.56010E+08 1505.00 37.54554
.58010E+08 1505.00 37.52720
.60010E+08 1505.00 37.50967
.62010E+08 1505.00 37.49110
.64010E+08 1505.00 37.47371
.66010E+08 1505.00 37.45665
.68010E+08 1505.00 37.44023
.70010E+08 1505.00 37.42396
.72010E+08 1505.00 37.40880
.74010E+08 1505.00 37.39342
.76010E+08 1505.00 37.37897
.78010E+08 1505.00 37.36465
.80010E+08 1505.00 37.35155
.82010E+08 1505.00 37.33782
.84010E+08 1505.00 37.32500
.86010E+08 1505.00 37.31230
.88010E+08 1505.00 37.29938
.90010E+08 1505.00 37.28707
.92010E+08 1505.00 37.27425
.94010E+08 1505.00 37.26373
.96010E+08 1505.00 37.25243
.98010E+08 1505.00 37.24073
