   91.000000000000000        32945055226373628.        18348296.477532268     
   94.000000000000000        31893617293617020.        61952690.198322996     
   96.000000000000000        31229166933333332.        132731920.77261703     
   98.000000000000000        30591836995918368.        277597273.69451803     
  100.000000000000000        29980000256000000.        472443859.39593542     
   102.00000000000000        29392157113725492.        890033053.84544754     
   104.00000000000000        28826923323076924.        1709168685.4729388     
   106.00000000000000        28283019109433964.        3156233361.4340801     
   108.00000000000000        27759259496296296.        5723188309.7710056     
   110.00000000000000        27254545687272728.        12219159427.797651     
   114.00000000000000        26298245838596492.        34018964961.895691     
   118.00000000000000        25406779877966100.        93950393576.517700     
   121.00000000000000        24776859715702480.        179594215824.25375     
   125.00000000000000        23984000204800000.        420443343978.79663     
   127.00000000000000        23606299414173228.        432180397634.49255     
   128.00000000000000        23421875200000000.        325390942880.70422     
   131.00000000000000        22885496378625956.        575881357880.68323     
   132.00000000000000        22712121406060608.        682407694949.39148     
   134.00000000000000        22373134519402984.        965484381789.21143     
   137.00000000000000        21883211865693432.        1436536276026.2715     
   140.00000000000000        21414285897142856.        2441774482656.5190     
   143.00000000000000        20965035144055944.        3197587021496.0630     
   147.00000000000000        20394557997278912.        6092882183582.1982     
   151.00000000000000        19854304805298012.        11010280105186.287     
   155.00000000000000        19341935649032260.        19146017917199.676     
   159.00000000000000        18855346072955976.        30010770925435.609     
   162.00000000000000        18506172997530864.        22765021568877.320     
   166.00000000000000        18060241118072288.        41102499055361.664     
   170.00000000000000        17635294268235294.        65445427254385.414     
   173.00000000000000        17329479916763006.        91459407281957.016     
   177.00000000000000        16937853251977402.        123037574969351.70     
   180.00000000000000        16655555697777778.        170942514664046.41     
   182.00000000000000        16472527613186814.        201953083899448.69     
   186.00000000000000        16118279707526882.        1503614102694645.3     
   191.00000000000000        15696335212565446.        499347962611511.19     
   194.00000000000000        15453608379381444.        660398591331740.75     
   198.00000000000000        15141414270707070.        807921888242597.25     
   202.00000000000000        14841584285148514.        1131057602252202.5     
   205.00000000000000        14624390368780488.        1575114487427707.5     
   210.00000000000000        14276190598095238.        2668515336207574.5     
   216.00000000000000        13879629748148148.        4274301891515479.5     
   220.00000000000000        13627272843636364.        3816125049833095.5     
   223.00000000000000        13443946303139014.        6185453711455762.0     
   227.00000000000000        13207048570925110.        7330619762890587.0     
   230.00000000000000        13034782720000000.       1.51301420677724736E+017
   234.00000000000000        12811965921367522.        40529440546206720.     
   240.00000000000000        12491666773333334.        37181517904224024.     
   246.00000000000000        12186991973983740.       1.47290509750103706E+018
   252.00000000000000        11896825498412698.       1.59789040282888346E+018
   257.00000000000000        11665369749416342.       2.14320460584109798E+018
   260.00000000000000        11530769329230770.       1.06303264679034214E+018
   264.00000000000000        11356060703030304.       1.28518992576261786E+018
   269.00000000000000        11144981507806692.       1.26546626696574874E+018
   274.00000000000000        10941605932846716.       2.80797053798897510E+018
   279.00000000000000        10745519805017922.       1.37544254870776141E+018
   284.00000000000000        10556338118309860.       1.68243801426928538E+018
   290.00000000000000        10337931122758620.       1.15726634252203085E+018
   296.00000000000000        10128378464864864.       1.51595433767372749E+018
   301.00000000000000        9960132975415282.0       2.66173333717057382E+018
   308.00000000000000        9733766316883116.0       3.27646434048193280E+018
   318.00000000000000        9427673036477988.0       2.59881403769699840E+018
   328.00000000000000        9140243980487804.0       3.99282748081434214E+018
   338.00000000000000        8869822560946746.0       2.76540129721784883E+018
   348.00000000000000        8614942602298851.0       3.85960866111606016E+018
   357.00000000000000        8397759175350140.0       2.75530635159592192E+018
   366.00000000000000        8191256900546448.0       4.57193341845028864E+018
   375.00000000000000        7994666734933333.0       2.05820325915849421E+018
   385.00000000000000        7787013053506494.0       5.42086368701845094E+018
   395.00000000000000        7589873482531646.0       3.93771668580451226E+018
   405.00000000000000        7402469199012346.0       4.94402587752601395E+018
   414.00000000000000        7241545955555556.0       6.19471226168294810E+018
   422.00000000000000        7104265463507109.0       6.23464999459924992E+018
   430.00000000000000        6972093082790698.0       6.41607978883092275E+018
   441.00000000000000        6798185999092971.0       6.04156615136465510E+018
   451.00000000000000        6647450167627494.0       7.22610780092399002E+018
   460.00000000000000        6517391360000000.0       7.23691981440748442E+018
   470.00000000000000        6378723458723404.0       8.68670629406728499E+018
   480.00000000000000        6245833386666667.0       7.52707017610355098E+018
   490.00000000000000        6118367399183673.0       7.85459861650382234E+018
   500.00000000000000        5996000051200000.0       9.48930480132288512E+018
   506.00000000000000        5924901236363636.0       1.02442679218499748E+019
   512.00000000000000        5855468800000000.0       9.62349696522517709E+018
   520.00000000000000        5765384664615385.0       1.15510779591421624E+019
   530.00000000000000        5656603821886792.0       1.13734520150533673E+019
   540.00000000000000        5551851899259259.0       1.00512869751956419E+019
   550.00000000000000        5450909137454545.0       1.11063748582221844E+019
   560.00000000000000        5353571474285714.0       1.26124945387777044E+019
   570.00000000000000        5259649167719298.0       1.24890188765691310E+019
   580.00000000000000        5168965561379310.0       1.23677606924263035E+019
   590.00000000000000        5081355975593220.0       1.32862161727972741E+019
   600.00000000000000        4996666709333333.0       1.17702115097108480E+019
   610.00000000000000        4914754140327869.0       1.38433089674670019E+019
   620.00000000000000        4835483912258065.0       1.43364237653557944E+019
   630.00000000000000        4758730199365079.0       2.46879567968094986E+019
   640.00000000000000        4684375040000000.0       1.41132290091523133E+019
   650.00000000000000        4612307731692308.0       1.47678335402813235E+019
   658.00000000000000        4556231041945289.0       1.47307999944958935E+019
   665.00000000000000        4508270715187970.0       1.49682933316169216E+019
   675.00000000000000        4441481519407407.5       1.56767679057801912E+019
   685.00000000000000        4376642373138686.0       1.53458093616684831E+019
   695.00000000000000        4313669101582734.0       1.56773312936453284E+019
   705.00000000000000        4252482305815603.0       1.63810399020641382E+019
   716.00000000000000        4187150873743017.0       1.67408593767130276E+019
   726.00000000000000        4129476619283746.5       1.69530305575745270E+019
   735.00000000000000        4078911599455782.5       1.71059854416172605E+019
   745.00000000000000        4024161108187919.5       1.66561052224755978E+019
   755.00000000000000        3970860961059602.5       1.26038010926737879E+019
   765.00000000000000        3918954281830065.5       1.83161851480847258E+019
   775.00000000000000        3868387129806451.5       1.64436383236858143E+019
   785.00000000000000        3819108312866242.0       1.45587028680442122E+019
   795.00000000000000        3771069214591195.0       1.85838263403219190E+019
   805.00000000000000        3724223634285714.5       1.87548689773665034E+019
   815.00000000000000        3678527638773006.0       1.87737030703708938E+019
   825.00000000000000        3633939424969697.0       1.91868773620262871E+019
   835.00000000000000        3590419192335329.5       1.63762320143168451E+019
   845.00000000000000        3547929024378698.0       1.96605073098392699E+019
   855.00000000000000        3506432778479532.0       1.93274248577640980E+019
   865.00000000000000        3465895983352601.0       1.99983833931542528E+019
   875.00000000000000        3426285743542857.0       2.01905314279791739E+019
   885.00000000000000        3387570650395480.0       2.04204209661360538E+019
   895.00000000000000        3349720698994413.5       2.07858294376799478E+019
   905.00000000000000        3312707210607735.0       2.10397362429613138E+019
   915.00000000000000        3276502760218579.0       3.86328456750923284E+019
   925.00000000000000        3241081108756757.0       3.65674221364665836E+019
   935.00000000000000        3206417139679144.5       5.68554156053176893E+019
   945.00000000000000        3172486799576719.5       6.96093058406383452E+019
   955.00000000000000        3139267042513089.0       7.77981805013977989E+019
   965.00000000000000        3106735777823834.0       8.74111770261414543E+019
   975.00000000000000        3074871821128205.0       5.74929579931645788E+019
   985.00000000000000        3043654848324873.0       9.26446367254839788E+019
   995.00000000000000        3013065352361809.0       9.14322219335084769E+019
   1005.0000000000000        2983084602587064.5       9.48923557664730972E+019
   1015.0000000000000        2953694606502463.0       9.25636837962102866E+019
   1025.0000000000000        2924878073756097.5       6.27097300506396508E+019
   1035.0000000000000        2896618382222222.0       8.70011194840781128E+019
   1045.0000000000000        2868899546028708.0       1.04481946208052052E+020
   1055.0000000000000        2841706185402843.5       1.04849031572849525E+020
   1065.0000000000000        2815023498215962.5       9.97717790416515727E+019
   1075.0000000000000        2788837233116279.0       1.02500865116351332E+020
   1085.0000000000000        2763133664147465.5       9.87956837963998003E+019
   1095.0000000000000        2737899566757991.0       1.05839346792877720E+020
   1105.0000000000000        2713122195113122.0       1.03690843444301349E+020
   1115.0000000000000        2688789260627802.5       1.03460668620739953E+020
   1125.0000000000000        2664888911644444.5       9.79611828166478234E+019
   1135.0000000000000        2641409714185022.0       1.05022046015292473E+020
   1145.0000000000000        2618340633711790.5       1.02306188572651160E+020
   1155.0000000000000        2595671017835498.0       1.02241372098975875E+020
   1165.0000000000000        2573390579914163.0       1.03860434973122953E+020
   1175.0000000000000        2551489383489361.5       9.22940234509340344E+019
   1185.0000000000000        2529957827510548.5       1.02965001145059181E+020
   1195.0000000000000        2508786632301255.0       9.54939933782411182E+019
   1205.0000000000000        2487966826224066.5       8.68703336177716429E+019
   1215.0000000000000        2467489733004115.0       6.28981083512521933E+019
   1225.0000000000000        2447346959673469.5       8.84428554179606446E+019
   1235.0000000000000        2427530385101214.5       9.38822398697729556E+019
   1245.0000000000000        2408032149076305.0       1.06171715047741637E+020
   1255.0000000000000        2388844641912350.5       1.03539211364175872E+020
   1265.0000000000000        2369960494545454.5       1.01842658915141665E+020
   1275.0000000000000        2351372569098039.0       1.05460730945112097E+020
   1285.0000000000000        2333073949883268.5       1.06052589454928380E+020
   1295.0000000000000        2315057934826255.0       1.01960644999437533E+020
   1305.0000000000000        2297318027279693.5       1.02264269245187162E+020
   1315.0000000000000        2279847928212928.0       1.05991524945577984E+020
   1325.0000000000000        2262641528754717.0       1.04675560635112686E+020
   1335.0000000000000        2245692903071161.0       1.02662867391450743E+020
   1345.0000000000000        2228996301561338.3       1.04505294318011335E+020
   1355.0000000000000        2212546144354243.5       1.05424154973650420E+020
   1365.0000000000000        2196337015091575.0       1.03660134226903073E+020
   1375.0000000000000        2180363654981818.3       1.03918313990440337E+020
   1385.0000000000000        2164620957111913.3       1.04036809073609376E+020
   1395.0000000000000        2149103961003584.3       9.85073900832978207E+019
   1405.0000000000000        2133807847402135.3       1.00505217964612698E+020
   1415.0000000000000        2118727933286219.0       1.03476524234623762E+020
   1425.0000000000000        2103859667087719.3       1.02313591774735450E+020
   1435.0000000000000        2089198624111498.3       1.02925598037772059E+020
   1442.0000000000000        2079056883217753.0       1.03922684008817017E+020
   1447.0000000000000        2071872858051140.3       1.03818946003467321E+020
   1455.0000000000000        2060481117250859.0       1.03366514752722567E+020
   1465.0000000000000        2046416399726962.5       1.02499312013406831E+020
   1475.0000000000000        2032542390237288.3       1.02345705813821538E+020
   1485.0000000000000        2018855236094276.0       1.02386243047309902E+020
   1495.0000000000000        2005351187692307.8       1.02231167508014678E+020
   1505.0000000000000        1992026595083056.5       1.01201899903896273E+020
   1512.0000000000000        1982804249735449.8       9.94606614270032445E+019
   1517.0000000000000        1976268968754120.0       1.00428453485226590E+020
   1525.0000000000000        1965901656131147.5       9.99553141808586424E+019
   1535.0000000000000        1953094479218241.0       9.68695252100859167E+019
   1545.0000000000000        1940453091003236.3       9.12140273580244992E+019
   1555.0000000000000        1927974292990353.8       9.65525794099235062E+019
   1565.0000000000000        1915654968434504.8       9.49737931102246502E+019
   1575.0000000000000        1903492079746031.8       9.81044717016366776E+019
   1585.0000000000000        1891482665993690.8       9.72973378959143404E+019
   1595.0000000000000        1879623840501567.5       9.91300015769830031E+019
   1605.0000000000000        1867912788535825.5       9.72001762597221990E+019
   1615.0000000000000        1856346765077399.5       9.69405278774878208E+019
   1625.0000000000000        1844923092676923.0       9.64584763215978660E+019
   1635.0000000000000        1833639159388379.3       9.71217290243370189E+019
   1645.0000000000000        1822492416778115.5       9.63283416754908037E+019
   1655.0000000000000        1811480378006042.3       9.57640766291976520E+019
   1665.0000000000000        1800600615975976.0       9.72940879496415150E+019
   1672.0000000000000        1793062216267942.5       9.50807822452957839E+019
   1677.0000000000000        1787716175074537.8       9.72108974403508470E+019
   1685.0000000000000        1779228501839762.5       9.73546548626876498E+019
   1695.0000000000000        1768731578525073.8       9.62961317417607660E+019
   1705.0000000000000        1758357786275659.8       9.52747787217599529E+019
   1715.0000000000000        1748104971195335.3       9.41795887907228058E+019
   1725.0000000000000        1737971029333333.3       9.38450302824187822E+019
   1735.0000000000000        1727953905244956.8       9.50567626908869100E+019
   1745.0000000000000        1718051590601719.3       9.42059815149731676E+019
   1755.0000000000000        1708262122849002.8       9.49917632113829151E+019
   1765.0000000000000        1698583583909348.5       9.27675671026463212E+019
   1775.0000000000000        1689014098929577.5       9.36869678808793907E+019
   1785.0000000000000        1679551835070028.0       9.35985002919091405E+019
   1795.0000000000000        1670195000334261.8       9.41374696373750170E+019
   1805.0000000000000        1660941842437673.3       9.40810833741111296E+019
   1815.0000000000000        1651790647713498.5       9.27571471992058511E+019
   1825.0000000000000        1642739740054794.5       9.29940655359995576E+019
   1835.0000000000000        1633787479891008.3       9.24773988449424671E+019
   1845.0000000000000        1624932263197832.0       9.03185951439240561E+019
   1855.0000000000000        1616172520539083.5       8.96789408933485773E+019
   1865.0000000000000        1607506716139410.3       9.02017007862389965E+019
   1875.0000000000000        1598933346986666.8       9.14952537494360883E+019
   1885.0000000000000        1590450941962864.8       8.91200639011773809E+019
   1895.0000000000000        1582058061002638.5       8.76787255645647503E+019
   1905.0000000000000        1573753294278215.3       8.96762349946375700E+019
   1915.0000000000000        1565535261409921.8       8.82004633694351196E+019
   1925.0000000000000        1557402610701298.8       8.74589345896097710E+019
   1935.0000000000000        1549354018397932.8       8.85738605946614907E+019
   1945.0000000000000        1541388187969151.8       8.95051698288202056E+019
   1955.0000000000000        1533503849411764.8       8.71609309393070817E+019
   1967.0000000000000        1524148462430096.5       8.89668770529454653E+019
   1976.0000000000000        1517206490688259.0       8.97693708546446295E+019
   1984.0000000000000        1511088722580645.3       8.81881595734918922E+019
   1995.0000000000000        1502756905062656.8       8.70280618597390090E+019
   2005.0000000000000        1495261858154613.5       8.78890909662624809E+019
   2015.0000000000000        1487841203771712.3       8.77444207417510789E+019
   2025.0000000000000        1480493839802469.3       8.84785842581497283E+019
   2035.0000000000000        1473218685798525.8       8.71287833915361853E+019
   2045.0000000000000        1466014682444987.8       8.71776041799483064E+019
   2055.0000000000000        1458880791046228.8       8.45167011723076895E+019
   2065.0000000000000        1451815993026634.5       8.57943655382534554E+019
   2074.0000000000000        1445515923625843.8       8.81768733363871089E+019
   2078.0000000000000        1442733409817131.8       8.68057085815469507E+019
   2085.0000000000000        1437889700527578.0       8.72852341687610737E+019
   2095.0000000000000        1431026265202864.0       8.60450698877676585E+019
   2105.0000000000000        1424228040665083.3       8.67594721525864530E+019
   2115.0000000000000        1417494101938534.3       8.67900747954051809E+019
   2125.0000000000000        1410823541458823.5       8.70740747178440294E+019
   2135.0000000000000        1404215468665105.5       8.61351949219771023E+019
   2145.0000000000000        1397669009603729.5       8.58431207908947067E+019
   2155.0000000000000        1391183306542923.5       8.62896071827904430E+019
   2165.0000000000000        1384757517598152.5       8.54663020546584576E+019
   2175.0000000000000        1378390816367816.0       8.52723686778178109E+019
   2185.0000000000000        1372082391578947.3       8.49464380148306575E+019
   2195.0000000000000        1365831446742596.8       8.55578371471625585E+019
   2205.0000000000000        1359637199818594.0       8.48331970896491807E+019
   2215.0000000000000        1353498882889390.5       8.41355588404957676E+019
   2225.0000000000000        1347415741842696.8       8.35372768986524385E+019
   2235.0000000000000        1341387036062639.8       8.43724361636940022E+019
   2245.0000000000000        1335412038129176.0       8.38054102257222779E+019
   2255.0000000000000        1329490033525499.0       8.30982887258832896E+019
   2265.0000000000000        1323620320353201.0       8.33100728921567396E+019
   2275.0000000000000        1317802209054945.0       8.35270486027757814E+019
   2285.0000000000000        1312035022144420.3       8.36760657720834458E+019
   2295.0000000000000        1306318093943355.0       8.24757213399869030E+019
   2305.0000000000000        1300650770325379.5       8.26436217694035149E+019
   2315.0000000000000        1295032408466522.8       8.22911738862783529E+019
   2325.0000000000000        1289462376602150.5       7.75945045064931901E+019
   2335.0000000000000        1283940053790150.0       8.15323215017522790E+019
   2345.0000000000000        1278464829680170.5       8.06319351964496691E+019
   2355.0000000000000        1273036104288747.3       8.14675107601975050E+019
   2365.0000000000000        1267653287780126.8       8.04844558433749238E+019
   2375.0000000000000        1262315800252631.5       8.08215302087126385E+019
   2385.0000000000000        1257023071530398.3       7.95767413773838418E+019
   2395.0000000000000        1251774540960334.0       8.04620339063429366E+019
   2405.0000000000000        1246569657214137.3       7.99029612853288796E+019
   2415.0000000000000        1241407878095238.0       7.98918526948780769E+019
   2425.0000000000000        1236288670350515.5       8.03474230797721600E+019
   2435.0000000000000        1231211509486653.0       7.95279536366812856E+019
   2445.0000000000000        1226175879591002.0       7.99977469810087035E+019
   2455.0000000000000        1221181273156822.8       7.98292997704509522E+019
   2465.0000000000000        1216227190912779.0       7.93957553899598152E+019
   2475.0000000000000        1211313141656565.8       7.90689944197269914E+019
   2485.0000000000000        1206438642092555.3       7.95016888922969211E+019
   2495.0000000000000        1201603216673346.8       7.78335247691215012E+019
   2505.0000000000000        1196806397445109.8       7.94950142764604129E+019
   2513.0000000000000        1192996428810187.0       7.81256323137285816E+019
   2518.0000000000000        1190627492295472.5       7.89865413638340444E+019
   2525.0000000000000        1187326742811881.3       7.82170560861825106E+019
   2535.0000000000000        1182643008126232.8       7.79315084833449411E+019
   2545.0000000000000        1177996080785854.5       7.77197819642496614E+019
   2555.0000000000000        1173385528610567.5       7.84377233483334287E+019
   2565.0000000000000        1168810926159844.0       7.81570105535098061E+019
   2575.0000000000000        1164271854601941.8       7.86592810391676682E+019
   2585.0000000000000        1159767901586073.5       7.86026932790935552E+019
   2595.0000000000000        1155298661117533.8       7.84231530589031629E+019
   2605.0000000000000        1150863733435700.5       7.79162337485939835E+019
   2615.0000000000000        1146462724894837.5       7.77633175204033167E+019
   2625.0000000000000        1142095247847619.0       7.78467768512231342E+019
   2635.0000000000000        1137760920531309.3       7.78297002807310909E+019
   2645.0000000000000        1133459366956521.8       7.88112533817485230E+019
   2655.0000000000000        1129190216798493.5       7.86502886992810803E+019
   2665.0000000000000        1124953105290806.8       7.80025392098455224E+019
   2675.0000000000000        1120747673121495.4       7.82509573766595871E+019
   2685.0000000000000        1116573566331471.1       7.83136447170232156E+019
   2695.0000000000000        1112430436215213.4       7.76826570053334303E+019
   2705.0000000000000        1108317939223659.9       7.78379538910282220E+019
   2715.0000000000000        1104235736869244.9       7.73885193611943608E+019
   2725.0000000000000        1100183495633027.5       7.70401525051026473E+019
   2735.0000000000000        1096160886873857.4       7.74573901200346972E+019
   2745.0000000000000        1092167586739526.4       7.62487215435704402E+019
   2755.0000000000000        1088203276079854.8       7.62532221614208778E+019
   2765.0000000000000        1084267640361663.6       7.64992548116691845E+019
   2775.0000000000000        1080360369585585.6       7.71077444062839931E+019
   2785.0000000000000        1076481158204667.9       7.69137667872003850E+019
   2795.0000000000000        1072629705044722.8       7.50924665257505423E+019
   2805.0000000000000        1068805713226381.5       7.59646171688978186E+019
   2815.0000000000000        1065008890088810.0       7.69216466807306486E+019
   2825.0000000000000        1061238947115044.3       7.65070745567233966E+019
   2835.0000000000000        1057495599858906.5       7.60362068783863071E+019
   2845.0000000000000        1053778567873462.3       7.59765572334797947E+019
   2855.0000000000000        1050087574640980.8       7.59369081704201912E+019
   2865.0000000000000        1046422347504363.0       7.62662153002824663E+019
   2875.0000000000000        1042782617600000.0       7.60582138829588890E+019
   2885.0000000000000        1039168119792027.8       7.61865772481243218E+019
   2895.0000000000000        1035578592607944.8       7.61471785639483310E+019
   2910.0000000000000        1030240558625429.5       7.64331234093533757E+019
   2930.0000000000000        1023208199863481.3       7.60796423935863685E+019
   2950.0000000000000        1016271195118644.1       7.57756427442613453E+019
   2970.0000000000000        1009427618047138.0       7.59923015146490757E+019
   2990.0000000000000        1002675593846153.9       7.59225887708132639E+019
   3010.0000000000000        996013297541528.25       7.60520271947611341E+019
   3030.0000000000000        989438952343234.38       7.60554201991569244E+019
   3050.0000000000000        982950828065573.75       7.59751530175952323E+019
   3070.0000000000000        976547239609120.50       7.59162517547344691E+019
   3090.0000000000000        970226545501618.13       7.59249408539116667E+019
   3110.0000000000000        963987146495176.88       7.58658899008679281E+019
   3130.0000000000000        957827484217252.38       7.57792328351009014E+019
   3150.0000000000000        951746039873015.88       7.58099581570060943E+019
   3170.0000000000000        945741332996845.38       7.58171528404803748E+019
   3190.0000000000000        939811920250783.75       7.53878355367998095E+019
   3210.0000000000000        933956394267912.75       7.57452920395463393E+019
   3230.0000000000000        928173382538699.75       7.57564120702610801E+019
   3250.0000000000000        922461546338461.50       7.58596799830889267E+019
   3270.0000000000000        916819579694189.63       7.59952983298148434E+019
   3290.0000000000000        911246208389057.75       7.60071250767241052E+019
   3310.0000000000000        905740189003021.13       7.61210571215668838E+019
   3330.0000000000000        900300307987988.00       7.61168039805325476E+019
   3350.0000000000000        894925380776119.38       7.60523860118475244E+019
   3370.0000000000000        889614250919881.25       7.61300570628990566E+019
   3390.0000000000000        884365789262536.88       7.62476853077590508E+019
   3410.0000000000000        879178893137829.88       7.64085938369567949E+019
   3430.0000000000000        874052485597667.63       7.49169120820626719E+019
   3450.0000000000000        868985514666666.63       7.50793992197626593E+019
   3470.0000000000000        863976952622478.38       7.53525730947149169E+019
   3490.0000000000000        859025795300859.63       7.54880100344121262E+019
   3510.0000000000000        854131061424501.38       7.57335062011723776E+019
   3530.0000000000000        849291791954674.25       7.58053325752117330E+019
   3550.0000000000000        844507049464788.75       7.59993233496667914E+019
   3570.0000000000000        839775917535014.00       7.60641619458643231E+019
   3590.0000000000000        835097500167130.88       7.60386221331731743E+019
   3610.0000000000000        830470921218836.63       7.62667028887534469E+019
   3630.0000000000000        825895323856749.25       7.63840154207986647E+019
   3640.0000000000000        823626380659340.63       7.65704089306913833E+019
   3650.0000000000000        821369870027397.25       6.13928769172601979E+019
   3670.0000000000000        816893739945504.13       6.03280918030734459E+019
   3690.0000000000000        812466131598916.00       6.07218979635837993E+019
   3710.0000000000000        808086260269541.75       6.64274203913905521E+019
   3730.0000000000000        803753358069705.13       6.74125243807437210E+019
   3750.0000000000000        799466673493333.38       7.52956668884221460E+019
   3770.0000000000000        795225470981432.38       7.61786090596722442E+019
   3790.0000000000000        791029030501319.25       8.10960388325280481E+019
   3810.0000000000000        786876647139107.63       8.62893737664136151E+019
   3830.0000000000000        782767630704960.88       7.71653941562231685E+019
   3850.0000000000000        778701305350649.38       8.93379004433277747E+019
   3870.0000000000000        774677009198966.38       9.15274943267017032E+019
   3890.0000000000000        770694093984575.88       7.49611075945102705E+019
   3910.0000000000000        766751924705882.38       9.17979708942544241E+019
   3930.0000000000000        762849879287531.75       9.08229116100407132E+019
   3950.0000000000000        758987348253164.50       9.11445951030307389E+019
   3970.0000000000000        755163734408060.50       7.29217783928619254E+019
   3990.0000000000000        751378452531328.38       9.02473398837143470E+019
   4010.0000000000000        747630929077306.75       9.15520959805221437E+019
   4030.0000000000000        743920601885856.13       9.01905718470413189E+019
   4050.0000000000000        740246919901234.63       9.12889616314446971E+019
   4070.0000000000000        736609342899262.88       9.02946949543630930E+019
   4090.0000000000000        733007341222493.88       8.49970155571825869E+019
   4110.0000000000000        729440395523114.38       7.53580046948107715E+019
   4130.0000000000000        725907996513317.25       8.85269917502317363E+019
   4150.0000000000000        722409644722891.63       8.91259237432812012E+019
   4170.0000000000000        718944850263789.00       8.90724293209223496E+019
   4190.0000000000000        715513132601432.00       8.88348201997105725E+019
   4210.0000000000000        712114020332541.63       8.85124014945637827E+019
   4230.0000000000000        708747050969267.13       8.80944074797170033E+019
   4250.0000000000000        705411770729411.75       8.76971854624137871E+019
   4270.0000000000000        702107734332552.75       8.70661637704716452E+019
   4290.0000000000000        698834504801864.75       8.66562355054961459E+019
   4310.0000000000000        695591653271461.75       8.53570360847495332E+019
   4330.0000000000000        692378758799076.25       7.94031504035037676E+019
   4350.0000000000000        689195408183908.00       7.32598742638609121E+019
   4370.0000000000000        686041195789473.63       8.49673188278191882E+019
   4390.0000000000000        682915723371298.38       8.44332979888826941E+019
   4410.0000000000000        679818599909297.00       8.49811489917504061E+019
   4430.0000000000000        676749441444695.25       8.48402720222753423E+019
   4450.0000000000000        673707870921348.38       8.46749260819508920E+019
   4470.0000000000000        670693518031319.88       8.30584104386148925E+019
   4490.0000000000000        667706019064588.00       8.38498583565548913E+019
   4510.0000000000000        664745016762749.50       8.40464153952985252E+019
   4530.0000000000000        661810160176600.50       8.34790245856135414E+019
   4550.0000000000000        658901104527472.50       8.30331547301568184E+019
   4570.0000000000000        656017511072210.13       8.31472452779475108E+019
   4590.0000000000000        653159046971677.50       8.26445056360652964E+019
   4610.0000000000000        650325385162689.75       8.25910131866591560E+019
   4630.0000000000000        647516204233261.38       8.21361797892161208E+019
   4650.0000000000000        644731188301075.25       8.18714510653628252E+019
   4670.0000000000000        641970026895075.00       8.17105856107311432E+019
   4690.0000000000000        639232414840085.25       8.13379085536745882E+019
   4710.0000000000000        636518052144373.63       8.04834818609428234E+019
   4730.0000000000000        633826643890063.38       8.08004771656167424E+019
   4750.0000000000000        631157900126315.75       8.05493912800806011E+019
   4770.0000000000000        628511535765199.13       8.03262704592164618E+019
   4790.0000000000000        625887270480167.00       7.99704845970842255E+019
   4810.0000000000000        623284828607068.63       7.95584786417408573E+019
   4830.0000000000000        620703939047619.00       7.88060518087286948E+019
   4850.0000000000000        618144335175257.75       7.37994607115524178E+019
   4870.0000000000000        615605754743326.50       6.66691874029616333E+019
   4890.0000000000000        613087939795501.00       7.76376250627084124E+019
   4910.0000000000000        610590636578411.38       7.80647589070575043E+019
   4930.0000000000000        608113595456389.50       7.71623675390078648E+019
   4950.0000000000000        605656570828282.88       7.77747102846457610E+019
   4970.0000000000000        603219321046277.63       7.76050342088812954E+019
   4990.0000000000000        600801608336673.38       7.70769932596383580E+019
   5010.0000000000000        598403198722554.88       7.61671414782937498E+019
   5030.0000000000000        596023861948310.13       7.66285239217582408E+019
   5050.0000000000000        593663371405940.63       7.60244866283099587E+019
   5070.0000000000000        591321504063116.38       7.62534084007077806E+019
   5090.0000000000000        588998040392927.25       7.58642999709097492E+019
   5110.0000000000000        586692764305283.75       7.56331223856754360E+019
   5130.0000000000000        584405463079922.00       7.52772906999057449E+019
   5150.0000000000000        582135927300970.88       7.48974363607090627E+019
   5170.0000000000000        579883950793036.75       7.44776038090201006E+019
   5190.0000000000000        577649330558766.88       7.43585944245300429E+019
   5210.0000000000000        575431866717850.25       7.41638620245604925E+019
   5230.0000000000000        573231362447418.75       7.39734129139816366E+019
   5250.0000000000000        571047623923809.50       7.39031971569757225E+019
   5270.0000000000000        568880460265654.63       7.32664314861286441E+019
   5290.0000000000000        566729683478260.88       7.34631852586745201E+019
   5310.0000000000000        564595108399246.75       7.32721187780141302E+019
   5330.0000000000000        562476552645403.38       7.27986576374896312E+019
   5350.0000000000000        560373836560747.69       7.28443993546711695E+019
   5370.0000000000000        558286783165735.56       7.25797413685587722E+019
   5390.0000000000000        556215218107606.69       7.23047541614743880E+019
   5410.0000000000000        554158969611829.94       7.19726420463148401E+019
   5430.0000000000000        552117868434622.44       7.17688888064295895E+019
   5450.0000000000000        550091747816513.75       7.17048699124630487E+019
   5470.0000000000000        548080443436928.69       7.14435904075493704E+019
   5490.0000000000000        546083793369763.19       7.12499727043566633E+019
   5510.0000000000000        544101638039927.38       7.10048711559131382E+019
   5530.0000000000000        542133820180831.81       7.08362374206429594E+019
   5550.0000000000000        540180184792792.81       7.07034321473148355E+019
   5570.0000000000000        538240579102333.94       7.03708829240524308E+019
   5590.0000000000000        536314852522361.38       7.01192300323206922E+019
   5610.0000000000000        534402856613190.75       6.99842080310857155E+019
   5630.0000000000000        532504445044405.00       6.98308318146589000E+019
   5650.0000000000000        530619473557522.13       6.95871954582016164E+019
   5670.0000000000000        528747799929453.25       6.92812144169003500E+019
   5690.0000000000000        526889283936731.13       6.91889476381869097E+019
   5710.0000000000000        525043787320490.38       6.88203583380476477E+019
   5730.0000000000000        523211173752181.50       6.89052467768390615E+019
   5750.0000000000000        521391308800000.00       6.86452734241354138E+019
   5770.0000000000000        519584059896013.88       6.85368435248165929E+019
   5790.0000000000000        517789296303972.38       6.82960373857907753E+019
   5810.0000000000000        516006889087779.69       6.82358692457423503E+019
   5830.0000000000000        514236711080617.50       6.81388111862047949E+019
   5850.0000000000000        512478636854700.88       6.78870109020965356E+019
   5870.0000000000000        510732542691652.50       6.69975702755010150E+019
   5890.0000000000000        508998306553480.50       6.73021225981087252E+019
   5910.0000000000000        507275808054145.50       6.74062149638931988E+019
   5930.0000000000000        505564928431703.19       6.72603332294324306E+019
   5950.0000000000000        503865550521008.38       6.70908529087483003E+019
   5970.0000000000000        502177558726968.19       6.69951313604743660E+019
   5990.0000000000000        500500838998330.56       6.67873544576496845E+019
   6010.0000000000000        498835278801996.69       6.65910897077993226E+019
   6030.0000000000000        497180767097844.13       6.64904352474420593E+019
   6050.0000000000000        495537194314049.56       6.64264676418550333E+019
   6070.0000000000000        493904452322899.50       6.62320148683242455E+019
   6090.0000000000000        492282434417077.19       6.60226971554326282E+019
   6110.0000000000000        490671035286415.69       6.58582482641100390E+019
   6130.0000000000000        489070150995106.06       6.55366429547550556E+019
   6150.0000000000000        487479678959349.56       6.54613508138636001E+019
   6170.0000000000000        485899517925445.69       6.52639968819806044E+019
   6190.0000000000000        484329567948303.69       6.52907662312893399E+019
   6210.0000000000000        482769730370370.38       6.51588087849597256E+019
   6230.0000000000000        481219907800963.06       6.48968928439435346E+019
   6250.0000000000000        479680004096000.00       6.45622731480383160E+019
   6270.0000000000000        478149924338118.00       6.47192684221470556E+019
   6290.0000000000000        476629574817170.13       6.45891536909987676E+019
   6310.0000000000000        475118863011093.50       6.43304143637093990E+019
   6330.0000000000000        473617697567140.63       6.42844532614584975E+019
   6350.0000000000000        472125988283464.56       6.40797500229211668E+019
   6370.0000000000000        470643646091051.81       6.39945923633323950E+019
   6390.0000000000000        469170583035993.75       6.39377026470907494E+019
   6410.0000000000000        467706712262090.50       6.36804021515185357E+019
   6430.0000000000000        466251947993779.19       6.36129820042389012E+019
   6450.0000000000000        464806205519379.88       6.34819326490894664E+019
   6470.0000000000000        463369401174652.25       6.33492429476676157E+019
   6490.0000000000000        461941452326656.38       6.30543420872402616E+019
   6510.0000000000000        460522277357910.94       6.30395763665591419E+019
   6530.0000000000000        459111795650842.25       6.27198915576941691E+019
   6550.0000000000000        457709927572519.06       6.04854571690457580E+019
   6570.0000000000000        456316594459665.13       5.46091065545196995E+019
   6590.0000000000000        454931718603945.38       6.18779562017275085E+019
   6610.0000000000000        453555223237518.94       6.23876192867289580E+019
   6630.0000000000000        452187032518853.69       6.24214093943904502E+019
   6650.0000000000000        450827071518797.00       6.23280753161094840E+019
   6670.0000000000000        449475266206896.56       6.19903279386698875E+019
   6690.0000000000000        448131543437967.13       6.19992579688612413E+019
   6710.0000000000000        446795830938897.19       6.19654636808361574E+019
   6730.0000000000000        445468057295690.94       6.19396156495443476E+019
   6750.0000000000000        444148151940740.75       6.17617339470905917E+019
   6770.0000000000000        442836045140324.94       6.16802268080710943E+019
   6790.0000000000000        441531667982326.94       6.15577223068850668E+019
   6810.0000000000000        440234952364170.31       6.14373243193346867E+019
   6830.0000000000000        438945830980966.31       6.13622107225469501E+019
   6850.0000000000000        437664237313868.63       6.11629441896140063E+019
   6870.0000000000000        436390105618631.75       6.10982552216182292E+019
   6890.0000000000000        435123370914368.63       6.10418642823094845E+019
   6910.0000000000000        433863968972503.63       6.08997359564168397E+019
   6930.0000000000000        432611836305916.31       6.07868112770131149E+019
   6950.0000000000000        431366910158273.38       6.06244630799886254E+019
   6970.0000000000000        430129128493543.75       6.05649055295744000E+019
   6990.0000000000000        428898429985693.88       6.04300160461233111E+019
   7010.0000000000000        427674754008559.19       6.02439256991151964E+019
   7030.0000000000000        426458040625889.06       6.02118524996265492E+019
   7050.0000000000000        425248230581560.31       6.01252752962566717E+019
   7070.0000000000000        424045265289957.56       5.97254529853058744E+019
   7090.0000000000000        422849086826516.25       5.98889520604366029E+019
   7110.0000000000000        421659637918424.75       5.97615384599851745E+019
   7130.0000000000000        420476861935483.88       5.96077815913423421E+019
   7150.0000000000000        419300702881118.88       5.95113194859191009E+019
   7170.0000000000000        418131105383542.56       5.94633352670100275E+019
   7190.0000000000000        416968014687065.38       5.92082180349946429E+019
   7210.0000000000000        415811376643550.63       5.91931820208207053E+019
   7230.0000000000000        414661137704011.06       5.91239214517395046E+019
   7250.0000000000000        413517244910344.81       5.90877218732644844E+019
   7270.0000000000000        412379645887207.69       5.89868661898002104E+019
   7290.0000000000000        411248288834019.19       5.86605497104519414E+019
   7310.0000000000000        410123122517099.88       5.87388156026610156E+019
   7330.0000000000000        409004096261937.25       5.86625683275621908E+019
   7350.0000000000000        407891159945578.25       5.85839433690359153E+019
   7370.0000000000000        406784263989145.19       5.85452483280386867E+019
   7390.0000000000000        405683359350473.63       5.83586684276585431E+019
   7410.0000000000000        404588397516869.13       5.81232992460168888E+019
   7430.0000000000000        403499330497981.19       5.81696287029049426E+019
   7450.0000000000000        402416110818791.94       5.81131188087367025E+019
   7470.0000000000000        401338691512717.56       5.80287214903904338E+019
   7490.0000000000000        400267026114819.75       5.79176841032049132E+019
   7510.0000000000000        399201068655126.50       5.78355018979545006E+019
   7530.0000000000000        398140773652058.44       5.77843013431229481E+019
   7550.0000000000000        397086096105960.25       5.77378307186698895E+019
   7570.0000000000000        396036991492734.50       5.76113881171929825E+019
   7590.0000000000000        394993415757575.75       5.75021784387927409E+019
   7610.0000000000000        393955325308804.19       5.74339711749229281E+019
   7630.0000000000000        392922677011795.56       5.73626938655696486E+019
   7650.0000000000000        391895428183006.56       5.72896411458100429E+019
   7670.0000000000000        390873536584093.88       5.70565054796626821E+019
   7690.0000000000000        389856960416124.81       5.71322121293405553E+019
   7710.0000000000000        388845658313878.06       5.68945698915613082E+019
   7730.0000000000000        387839589340232.88       5.68940032913426760E+019
   7750.0000000000000        386838712980645.19       5.67675212122995180E+019
   7770.0000000000000        385842989137709.13       5.66246626092790333E+019
   7790.0000000000000        384852378125802.31       5.66771661551367946E+019
   7810.0000000000000        383866840665813.06       5.66317284199863255E+019
   7830.0000000000000        382886337879948.94       5.64930616192305234E+019
   7850.0000000000000        381910831286624.19       5.63982390034495324E+019
   7870.0000000000000        380940282795425.69       5.63261185726523228E+019
   7890.0000000000000        379974654702154.63       5.61602835464078295E+019
   7910.0000000000000        379013909683944.38       5.60182858911937741E+019
   7930.0000000000000        378058010794451.44       5.59122894970012549E+019
   7950.0000000000000        377106921459119.50       5.58004987593244099E+019
   7970.0000000000000        376160605470514.44       5.58798130087668859E+019
   7990.0000000000000        375219026983729.69       5.57841088285778821E+019
   8010.0000000000000        374282150511860.19       5.56701294410042409E+019
   8030.0000000000000        373349940921544.19       5.56352912220357345E+019
   8050.0000000000000        372422363428571.44       5.54963400814768456E+019
   8070.0000000000000        371499383593556.38       5.54683858320449208E+019
   8090.0000000000000        370580967317676.13       5.52807689780440023E+019
   8110.0000000000000        369667080838471.00       5.52606618542130381E+019
   8130.0000000000000        368757690725707.25       5.52395810432116163E+019
   8150.0000000000000        367852763877300.63       5.51451012692162068E+019
   8170.0000000000000        366952267515299.88       5.50917149245776118E+019
   8190.0000000000000        366056169181929.19       5.48753654952941322E+019
   8210.0000000000000        365164436735688.19       4.98404061544565883E+019
   8230.0000000000000        364277038347509.13       4.98069185391943762E+019
   8250.0000000000000        363393942496969.69       4.98108576311112008E+019
   8270.0000000000000        362515117968561.06       4.97083416864416317E+019
   8290.0000000000000        361640533848009.63       4.94904362761264906E+019
   8310.0000000000000        360770159518652.25       4.91020274666279404E+019
   8330.0000000000000        359903964657863.13       4.87439892361594061E+019
   8350.0000000000000        359041919233532.94       4.87985038860429148E+019
   8370.0000000000000        358183993500597.38       4.84179037242482115E+019
   8390.0000000000000        357330157997616.19       4.84182110534575473E+019
   8410.0000000000000        356480383543400.69       4.86231635210647634E+019
   8430.0000000000000        355634641233689.19       4.90676936352634307E+019
   8450.0000000000000        354792902437869.81       4.92110439033119293E+019
   8470.0000000000000        353955138795749.69       4.79659486127296512E+019
   8490.0000000000000        353121322214369.88       5.01877064352075530E+019
   8510.0000000000000        352291424864864.88       4.74483013762475540E+019
   8530.0000000000000        351465419179366.94       5.05797161565122150E+019
   8550.0000000000000        350643277847953.19       4.57930905821429105E+019
   8570.0000000000000        349824973815635.94       5.12016769191818363E+019
   8590.0000000000000        349010480279394.63       4.89474801245895885E+019
   8610.0000000000000        348199770685249.69       4.83365390361661932E+019
   8630.0000000000000        347392818725376.56       5.13524738315715789E+019
   8650.0000000000000        346589598335260.13       5.03694682003765084E+019
   8670.0000000000000        345790083690888.13       4.51655486885354865E+019
   8690.0000000000000        344994249205983.88       5.07306609159189873E+019
   8710.0000000000000        344202069529276.69       5.13670802027002102E+019
   8730.0000000000000        343413519541809.88       5.06711664006310953E+019
   8750.0000000000000        342628574354285.69       4.60215385919033180E+019
   8770.0000000000000        341847209304447.00       4.99589335027955057E+019
   8790.0000000000000        341069399954493.75       5.11172613416277115E+019
   8810.0000000000000        340295122088535.75       5.10365321965438484E+019
   8830.0000000000000        339524351710079.25       5.07948064743910195E+019
   8850.0000000000000        338757065039548.00       4.91485954865770660E+019
   8870.0000000000000        337993238511837.63       4.57511864080540385E+019
   8890.0000000000000        337232848773903.25       5.03233453122326446E+019
   8910.0000000000000        336475872682379.38       5.07910595858624922E+019
   8930.0000000000000        335722287301231.81       5.07404686463702548E+019
   8950.0000000000000        334972069899441.31       5.06895579145260974E+019
   8970.0000000000000        334225197948717.94       5.05629958085033738E+019
   8990.0000000000000        333481649121245.81       4.99876906184016200E+019
   9010.0000000000000        332741401287458.38       4.56790893147693875E+019
   9030.0000000000000        332004432513842.75       4.79491274332813476E+019
   9050.0000000000000        331270721060773.50       5.00779604805090181E+019
   9070.0000000000000        330540245380374.88       5.00756202392258396E+019
   9090.0000000000000        329812984114411.44       4.98928072073662464E+019
   9110.0000000000000        329088916092206.38       5.00936779268059709E+019
   9130.0000000000000        328368020328587.06       5.01010047698326405E+019
   9150.0000000000000        327650276021857.94       5.00399114120156365E+019
   9170.0000000000000        326935662551799.38       4.98818581179590328E+019
   9190.0000000000000        326224159477693.13       4.96954682377758638E+019
   9210.0000000000000        325515746536373.50       4.86279212735820349E+019
   9230.0000000000000        324810403640303.38       4.42929553498070139E+019
   9250.0000000000000        324108110875675.69       4.82239813961616179E+019
   9270.0000000000000        323408848500539.38       4.91573343425658798E+019
   9290.0000000000000        322712596942949.44       4.94447684437130445E+019
   9310.0000000000000        322019336799140.69       4.94333881548903219E+019
   9330.0000000000000        321329048831725.63       4.94051272633263309E+019
   9350.0000000000000        320641713967914.44       4.93053630546191401E+019
   9370.0000000000000        319957313297758.81       4.91663745232096870E+019
   9390.0000000000000        319275828072417.44       4.91856155608627200E+019
   9410.0000000000000        318597239702444.19       4.88625630713090130E+019
   9430.0000000000000        317921529756097.56       4.90372423625725624E+019
   9450.0000000000000        317248679957671.94       4.88983578392537006E+019
   9470.0000000000000        316578672185850.06       4.88216991896845517E+019
   9490.0000000000000        315911488472075.88       4.87523362790885458E+019
   9510.0000000000000        315247110998948.50       4.83979367712439091E+019
   9530.0000000000000        314585522098635.88       4.73225542384759439E+019
   9550.0000000000000        313926704251308.88       4.35033160656839557E+019
   9570.0000000000000        313270640083594.56       4.75281717889528627E+019
   9590.0000000000000        312617312367049.00       4.82550262473103524E+019
   9610.0000000000000        311966704016649.31       4.82506208117144453E+019
   9630.0000000000000        311318798089304.25       4.81687408069574492E+019
   9650.0000000000000        310673577782383.44       4.81287857678609449E+019
   9670.0000000000000        310031026432264.75       4.80568483694087864E+019
   9690.0000000000000        309391127512899.88       4.81047832831469568E+019
   9710.0000000000000        308753864634397.50       4.79910620482240512E+019
   9730.0000000000000        308119221541623.88       4.79530895078641172E+019
   9750.0000000000000        307487182112820.50       4.78506757805471171E+019
   9770.0000000000000        306857730358239.50       4.78243404681306112E+019
   9790.0000000000000        306230850418794.69       4.77011100854005760E+019
   9810.0000000000000        305606526564729.88       4.77349995271966228E+019
   9830.0000000000000        304984743194303.13       4.76781400720485007E+019
   9850.0000000000000        304365484832487.31       4.76118156520761917E+019
   9870.0000000000000        303748736129685.94       4.75064975812775199E+019
   9890.0000000000000        303134481860465.13       4.74234060269483704E+019
   9910.0000000000000        302522706922300.69       4.73806263668561265E+019
   9930.0000000000000        301913396334340.38       4.73345391698583716E+019
   9950.0000000000000        301306535236180.88       4.72734373018106593E+019
   9970.0000000000000        300702108886660.00       4.71966400239352627E+019
   9990.0000000000000        300100102662662.69       4.70752825146664468E+019
   10025.000000000000        299052371630922.69       4.58738385554369823E+019
   10075.000000000000        297568240754342.44       4.51031880692342211E+019
   10125.000000000000        296098767960493.81       4.65981986007629906E+019
   10175.000000000000        294643737159705.19       4.65071482524682240E+019
   10225.000000000000        293202936488997.56       4.63794991821206159E+019
   10275.000000000000        291776158209245.75       4.62820752238267187E+019
   10325.000000000000        290363198605326.88       4.60031681127815905E+019
   10375.000000000000        288963857889156.63       4.59085326767451341E+019
   10425.000000000000        287577940105515.56       4.58208094011049411E+019
   10475.000000000000        286205253040572.81       4.56190354514169856E+019
   10525.000000000000        284845608133016.63       4.55368757331095552E+019
   10575.000000000000        283498820387706.88       4.53612638589503652E+019
   10625.000000000000        282164708291764.69       4.51903223526311363E+019
   10675.000000000000        280843093733021.06       4.49278036185594593E+019
   10725.000000000000        279533801920745.91       4.49026167950095401E+019
   10775.000000000000        278236661308584.69       4.47286954567809188E+019
   10825.000000000000        276951503519630.50       4.44136546860428493E+019
   10875.000000000000        275678163273563.22       4.43579951838051860E+019
   10925.000000000000        274416478315789.47       4.23220578357770732E+019
   10975.000000000000        273166289348519.38       4.36492973311387566E+019
   11025.000000000000        271927439963718.81       4.40842243646901862E+019
   11075.000000000000        270699776577878.09       4.40405879105400996E+019
   11125.000000000000        269483148368539.31       4.38904622387054510E+019
   11175.000000000000        268277407212527.97       4.37428944424245494E+019
   11225.000000000000        267082407625835.19       4.36609731887715123E+019
   11275.000000000000        265898006705099.78       4.34442560892409364E+019
   11325.000000000000        264724064070640.19       4.33485666256466002E+019
   11375.000000000000        263560441810989.00       4.32313800552264008E+019
   11425.000000000000        262407004428884.03       4.30451779085299548E+019
   11475.000000000000        261263618788671.03       4.30471443784348385E+019
   11525.000000000000        260130154065075.94       4.29268415555367240E+019
   11575.000000000000        259006481693304.53       4.27813517185860731E+019
   11625.000000000000        257892475320430.09       4.25345269246505533E+019
   11675.000000000000        256788010758029.97       4.24816420212677345E+019
   11725.000000000000        255692965936034.13       4.24622455957420278E+019
   11775.000000000000        254607220857749.47       4.22232394549472543E+019
   11825.000000000000        253530657556025.38       4.21296690343116227E+019
   11875.000000000000        252463160050526.31       4.19273113941422162E+019
   11925.000000000000        251404614306079.66       4.20011023486782423E+019
   11975.000000000000        250354908192066.81       4.16517667371275878E+019
   12025.000000000000        249313931442827.44       4.17216622225377034E+019
   12075.000000000000        248281575619047.63       4.15650956616355267E+019
   12125.000000000000        247257734070103.09       4.15152020448873021E+019
   12175.000000000000        246242301897330.59       4.14447105395009536E+019
   12225.000000000000        245235175918200.41       4.13300343499638292E+019
   12275.000000000000        244236254631364.56       4.11939071585819607E+019
   12325.000000000000        243245438182555.78       4.11111006139184906E+019
   12375.000000000000        242262628331313.13       4.09967773539314975E+019
   12425.000000000000        241287728418511.06       4.08982637666566144E+019
   12475.000000000000        240320643334669.34       4.07999966074294845E+019
   12525.000000000000        239361279489021.97       4.06740420418995651E+019
   12575.000000000000        238409544779324.06       4.05744844297117123E+019
   12625.000000000000        237465348562376.25       4.04672896105155133E+019
   12675.000000000000        236528601625246.56       4.03610245124453335E+019
   12725.000000000000        235599216157170.94       4.02569777973758607E+019
   12775.000000000000        234677105722113.50       3.99394698967916462E+019
   12825.000000000000        233762185231968.81       3.82903416896035308E+019
   12875.000000000000        232854370920388.34       3.98158826315849646E+019
   12925.000000000000        231953580317214.69       3.98316970562623570E+019
   12975.000000000000        231059732223506.75       3.97638504615484703E+019
   13025.000000000000        230172746687140.13       3.96785146282907075E+019
   13075.000000000000        229292544978967.50       3.96019360624516465E+019
   13125.000000000000        228419049569523.81       3.94587914334728110E+019
   13175.000000000000        227552184106261.88       3.93454890306663383E+019
   13225.000000000000        226691873391304.34       3.93085404638138696E+019
   13275.000000000000        225838043359698.69       3.91416169127565967E+019
   13325.000000000000        224990621058161.34       3.91061299391319818E+019
   13375.000000000000        224149534624299.06       3.90024049515252859E+019
   13425.000000000000        223314713266294.22       3.89525317066366239E+019
   13475.000000000000        222486087243042.66       3.88608176447368970E+019
   13525.000000000000        221663587844731.97       3.87713144098857533E+019
   13575.000000000000        220847147373849.00       3.86268863919869788E+019
   13625.000000000000        220036699126605.50       3.85256413572895949E+019
   13675.000000000000        219232177374771.47       3.84806239480518410E+019
   13725.000000000000        218433517347905.28       3.83900232347085455E+019
   13775.000000000000        217640655215970.97       3.83164392141908705E+019
   13825.000000000000        216853528072332.72       3.82385200282684047E+019
   13875.000000000000        216072073917117.13       3.81199404903376323E+019
   13925.000000000000        215296231640933.56       3.80852771356453601E+019
   13975.000000000000        214525941008944.53       3.80064726733195264E+019
   14025.000000000000        213761142645276.28       3.78654068740720394E+019
   14075.000000000000        213001778017762.00       3.78432175591537213E+019
   14125.000000000000        212247789423008.84       3.77175940500109804E+019
   14175.000000000000        211499119971781.31       3.76893407728836444E+019
   14225.000000000000        210755713574692.44       3.75221443028281999E+019
   14275.000000000000        210017514928196.16       3.74205269269546107E+019
   14325.000000000000        209284469500872.59       3.74244271941438505E+019
   14375.000000000000        208556523520000.00       3.73823641257636905E+019
   14425.000000000000        207833623958405.53       3.71269652955648000E+019
   14475.000000000000        207115718521588.94       3.72229082620289761E+019
   14525.000000000000        206402755635111.88       3.70328639711529697E+019
   14570.000000000000        205765272862045.31       3.70152862685299180E+019
   14620.000000000000        205061561258549.94       3.46487472967985480E+019
   14675.000000000000        204293017076661.00       3.46062490873361736E+019
   14725.000000000000        203599322621392.19       3.44730337308302950E+019
   14775.000000000000        202910323221658.22       3.44464014958427013E+019
   14825.000000000000        202225971372681.28       3.43794205745177395E+019
   14875.000000000000        201546220208403.38       3.41968977190088786E+019
   14925.000000000000        200871023490787.28       3.42437051213032530E+019
   14975.000000000000        200200335599332.22       3.41435467965809091E+019
   15025.000000000000        199534111520798.66       3.39201261868687606E+019
   15075.000000000000        198872306839137.66       3.38677239498237133E+019
   15125.000000000000        198214877725619.84       3.39769373606353715E+019
   15175.000000000000        197561780929159.81       3.39810552588811100E+019
   15225.000000000000        196912973766830.88       3.41057689628039168E+019
   15275.000000000000        196268414114566.28       3.37737806808691016E+019
   15325.000000000000        195628060398042.41       3.37992987944039752E+019
   15375.000000000000        194991871583739.84       3.40640458143582413E+019
   15425.000000000000        194359807170178.28       3.36312442354981847E+019
   15475.000000000000        193731827179321.50       3.40727529285132165E+019
   15525.000000000000        193107892148148.16       3.40430238491119944E+019
   15575.000000000000        192487963120385.22       3.32894054237673718E+019
   15625.000000000000        191872001638400.00       3.41566757276028314E+019
   15675.000000000000        191259969735247.22       3.37373771008383877E+019
   15725.000000000000        190651829926868.03       3.32538900179905249E+019
   15775.000000000000        190047545204437.41       3.38294391919899976E+019
   15825.000000000000        189447079026856.25       3.38726606672498360E+019
   15875.000000000000        188850395313385.81       3.26668442690613985E+019
   15925.000000000000        188257458436420.72       3.37261205643651277E+019
   15975.000000000000        187668233214397.50       3.38295154301216768E+019
   16050.000000000000        186791278853582.56       3.36355328209198694E+019
   16150.000000000000        185634676507739.94       3.30256324954222756E+019
   16250.000000000000        184492309267692.31       3.35470826608142500E+019
   16350.000000000000        183363915938837.91       3.32346202617564570E+019
   16450.000000000000        182249241677811.56       3.24761645770486784E+019
   16550.000000000000        181148037800604.22       3.30371209632887808E+019
   16650.000000000000        180060061597597.59       3.27669564282913014E+019
   16750.000000000000        178985076155223.88       3.23826290291475210E+019
   16850.000000000000        177922850183976.25       3.16752349998289510E+019
   16950.000000000000        176873157852507.38       3.22021836077594460E+019
   17050.000000000000        175835778627565.97       3.19157559056514294E+019
   17150.000000000000        174810497119533.53       3.17659784721554760E+019
   17250.000000000000        173797102933333.34       3.15211045400029471E+019
   17350.000000000000        172795390524495.69       3.05786429033897738E+019
   17450.000000000000        171805159060171.91       3.10787208956914442E+019
   17550.000000000000        170826212284900.28       3.09761331540038738E+019
   17650.000000000000        169858358390934.84       3.07927349019474739E+019
   17750.000000000000        168901409892957.75       3.06070605671063593E+019
   17850.000000000000        167955183507002.81       3.04375731718480364E+019
   17950.000000000000        167019500033426.19       3.02621200635800371E+019
   18050.000000000000        166094184243767.31       3.00478963036476498E+019
   18150.000000000000        165179064771349.88       2.92502717105056563E+019
   18250.000000000000        164273974005479.44       2.95890644039733862E+019
   18350.000000000000        163378747989100.81       2.95397703046195364E+019
   18450.000000000000        162493226319783.19       2.93364506050232484E+019
   18550.000000000000        161617252053908.34       2.92017927612912968E+019
   18650.000000000000        160750671613941.03       2.89689395560932229E+019
   18750.000000000000        159893334698666.66       2.81135107964825190E+019
   18850.000000000000        159045094196286.47       2.86731030397410877E+019
   18950.000000000000        158205806100263.84       2.84470269741106012E+019
   19050.000000000000        157375329427821.53       2.83957355707670815E+019
   19150.000000000000        156553526140992.16       2.82334636860638167E+019
   19250.000000000000        155740261070129.88       2.80858554311027548E+019
   19350.000000000000        154935401839793.28       2.78615666068666368E+019
   19450.000000000000        154138818796915.16       2.71256693411239731E+019
   19550.000000000000        153350384941176.47       2.75707514664976916E+019
   19650.000000000000        152569975857506.38       2.74654477126531891E+019
   19750.000000000000        151797469650632.91       2.72840560967789855E+019
   19850.000000000000        151032746881612.09       2.71694095801732547E+019
   19950.000000000000        150275690506265.66       2.70301494582435717E+019
   20050.000000000000        149526185815461.34       2.69200283438404690E+019
   20150.000000000000        148784120377171.22       2.67871836016847831E+019
   20250.000000000000        148049383980246.91       2.66157070329632522E+019
   20350.000000000000        147321868579852.59       2.64561962274169897E+019
   20450.000000000000        146601468244498.78       2.63684841258332488E+019
   20550.000000000000        145888079104622.88       2.62214637658436608E+019
   20650.000000000000        145181599302663.44       2.60591681888298762E+019
   20750.000000000000        144481928944578.31       2.59381231479420723E+019
   20850.000000000000        143788970052757.78       2.58133970459057234E+019
   20950.000000000000        143102626520286.41       2.56496623877746278E+019
   21050.000000000000        142422804066508.31       2.55532080603877540E+019
   21150.000000000000        141749410193853.44       2.54053966005382308E+019
   21250.000000000000        141082354145882.34       2.52807702295027098E+019
   21350.000000000000        140421546866510.53       2.51598148450095596E+019
   21450.000000000000        139766900960372.95       2.50304171094889800E+019
   21550.000000000000        139118330654292.34       2.48808587102412145E+019
   21650.000000000000        138475751759815.25       2.42804894096336445E+019
   21750.000000000000        137839081636781.61       2.45834614825467945E+019
   21850.000000000000        137208239157894.73       2.44872833106797036E+019
   21950.000000000000        136583144674259.69       2.43884154049530307E+019
   22050.000000000000        135963719981859.41       2.42228741052154675E+019
   22150.000000000000        135349888288939.05       2.41309600877048545E+019
   22250.000000000000        134741574184269.66       2.39900537157180744E+019
   22350.000000000000        134138703606263.98       2.38708636676295762E+019
   22450.000000000000        133541203812917.59       2.37509677328696975E+019
   22550.000000000000        132949003352549.89       2.36199652142842061E+019
   22650.000000000000        132362032035320.09       2.34957971948338053E+019
   22750.000000000000        131780220905494.50       2.33791001202948506E+019
   22850.000000000000        131203502214442.02       2.20403301163335393E+019
   22950.000000000000        130631809394335.52       2.13392247963446845E+019
   23050.000000000000        130065077032537.97       2.15909061579745731E+019
   23150.000000000000        129503240846652.27       2.15485849343255798E+019
   23250.000000000000        128946237660215.05       2.08831121907842826E+019
   23350.000000000000        128394005379014.98       2.11888974374413885E+019
   23450.000000000000        127846482968017.06       2.11974479927342326E+019
   23550.000000000000        127303610428874.73       2.05372563176626135E+019
   23650.000000000000        126765328778012.69       2.08471754841991414E+019
   23750.000000000000        126231580025263.16       2.08731460830422671E+019
   23850.000000000000        125702307153039.83       2.02825253234781430E+019
   23950.000000000000        125177454096033.41       2.05345664136963277E+019
   24050.000000000000        124656965721413.72       2.05772874744521687E+019
   24150.000000000000        124140787809523.81       2.01035104900976271E+019
   24250.000000000000        123628867035051.55       2.03429531098762895E+019
   24350.000000000000        123121150948665.30       2.03148957664685261E+019
   24450.000000000000        122617587959100.20       2.00089328363878195E+019
   24550.000000000000        122118127315682.28       2.00533754379409039E+019
   24650.000000000000        121622719091277.89       2.01385532923646648E+019
   24750.000000000000        121131314165656.56       1.99492372762872300E+019
   24850.000000000000        120643864209255.53       1.98553889036994232E+019
   24950.000000000000        120160321667334.67       1.98012315584083640E+019
   25050.000000000000        119680639744510.98       2.00318012257149174E+019
   25150.000000000000        119204772389662.03       1.96845569684404347E+019
   25250.000000000000        118732674281188.13       1.96005289333814682E+019
   25350.000000000000        118264300812623.28       1.97687616465664492E+019
   25450.000000000000        117799608078585.47       1.96561200370970051E+019
   25550.000000000000        117338552861056.75       1.95823125749245379E+019
   25650.000000000000        116881092615984.41       1.93676780298561331E+019
   25750.000000000000        116427185460194.17       1.95538880876035318E+019
   25850.000000000000        115976790158607.34       1.93706737478834053E+019
   25950.000000000000        115529866111753.38       1.94050562117685821E+019
   26050.000000000000        115086373343570.06       1.93263092116994908E+019
   26150.000000000000        114646272489483.75       1.90536886103950746E+019
   26250.000000000000        114209524784761.91       1.88940053334339133E+019
   26350.000000000000        113776092053130.94       1.91620147490247639E+019
   26450.000000000000        113345936695652.17       1.91559503801842360E+019
   26550.000000000000        112919021679849.34       1.90697719390847017E+019
   26650.000000000000        112495310529080.67       1.89537165426214052E+019
   26750.000000000000        112074767312149.53       1.87689178765950689E+019
   26850.000000000000        111657356633147.11       1.89214905523030548E+019
   26950.000000000000        111243043621521.33       1.88630863083925463E+019
   27050.000000000000        110831793922365.98       1.88317352039377879E+019
   27150.000000000000        110423573686924.50       1.87780037787666309E+019
   27250.000000000000        110018349563302.75       1.87336427809606861E+019
   27350.000000000000        109616088687385.73       1.86497805570032271E+019
   27450.000000000000        109216758673952.64       1.86027360261366211E+019
   27550.000000000000        108820327607985.48       1.83499797099892879E+019
   27650.000000000000        108426764036166.36       1.84345153835923333E+019
   27750.000000000000        108036036958558.56       1.84353605298134610E+019
   27850.000000000000        107648115820466.78       1.83889288441931776E+019
   27950.000000000000        107262970504472.27       1.83512757682391798E+019
   28050.000000000000        106880571322638.14       1.82888837507259044E+019
   28150.000000000000        106500889008881.00       1.82259416240331121E+019
   28250.000000000000        106123894711504.42       1.81722071487232266E+019
   28350.000000000000        105749559985890.66       1.81241198701985853E+019
   28450.000000000000        105377856787346.22       1.80625482120695931E+019
   28550.000000000000        105008757464098.08       1.79999333490818908E+019
   28650.000000000000        104642234750436.30       1.79048294061636219E+019
   28750.000000000000        104278261760000.00       1.76559390289257124E+019
   28850.000000000000        103916811979202.77       1.78222723586946150E+019
   28950.000000000000        103557859260794.47       1.77817796058536714E+019
   29050.000000000000        103201377817555.94       1.77239905154675384E+019
   29150.000000000000        102847342216123.50       1.76711216717827154E+019
   29250.000000000000        102495727370940.17       1.76079309884733542E+019
   29350.000000000000        102146508538330.50       1.75620574764750500E+019
   29450.000000000000        101799661310696.09       1.74949092422789366E+019
   29550.000000000000        101455161610829.11       1.74436590428985999E+019
   29650.000000000000        101112985686340.64       1.73918796313132892E+019
   29750.000000000000        100773110104201.69       1.73353314861646336E+019
   29850.000000000000        100435511745393.64       1.72801823566168474E+019
   29950.000000000000        100100167799666.11       1.72239320036153324E+019
   30050.000000000000        99767055760399.328       1.71670639548521001E+019
   30150.000000000000        99436153419568.828       1.71127749105446257E+019
   30250.000000000000        99107438862809.922       1.70476815535916380E+019
   30350.000000000000        98780890464579.906       1.68161102560630559E+019
   30450.000000000000        98456486883415.438       1.68626243828265697E+019
   30550.000000000000        98134207057283.141       1.68826170501285335E+019
   30650.000000000000        97814030199021.203       1.68307979909932175E+019
   30750.000000000000        97495935791869.922       1.67808043160362435E+019
   30850.000000000000        97179903585089.141       1.67225821455076209E+019
   30950.000000000000        96865913589660.750       1.66671655433835889E+019
   31050.000000000000        96553946074074.078       1.66162772851099116E+019
   31150.000000000000        96243981560192.609       1.65416017154278236E+019
   31250.000000000000        95936000819200.000       1.65042227117172593E+019
   31350.000000000000        95629984867623.609       1.64515659189732557E+019
   31450.000000000000        95325914963434.016       1.63958598958521917E+019
   31550.000000000000        95023772602218.703       1.63323973419227177E+019
   31650.000000000000        94723539513428.125       1.62859261694932480E+019
   31750.000000000000        94425197656692.906       1.62339704651105792E+019
   31850.000000000000        94128729218210.359       1.61806115706146017E+019
   31950.000000000000        93834116607198.750       1.61272375755470520E+019
   32100.000000000000        93395639426791.281       1.60433693203058790E+019
   32300.000000000000        92817338253869.969       1.59355797268018483E+019
   32500.000000000000        92246154633846.156       1.58258804563732562E+019
   32700.000000000000        91681957969418.953       1.57153288546733445E+019
   32900.000000000000        91124620838905.781       1.47920491283817267E+019
   33100.000000000000        90574018900302.109       1.48175018663061586E+019
   33300.000000000000        90030030798798.797       1.47688599864059556E+019
   33500.000000000000        89492538077611.938       1.47124365405772411E+019
   33700.000000000000        88961425091988.125       1.46481498819476992E+019
   33900.000000000000        88436578926253.688       1.45816376150562386E+019
   34100.000000000000        87917889313782.984       1.45210145779607757E+019
   34300.000000000000        87405248559766.766       1.44681023184089682E+019
   34500.000000000000        86898551466666.672       1.44083769375100682E+019
   34700.000000000000        86397695262247.844       1.43497471334088622E+019
   34900.000000000000        85902579530085.953       1.42912136283094589E+019
   35100.000000000000        85413106142450.141       1.42370388066102374E+019
   35300.000000000000        84929179195467.422       1.41791301203891835E+019
   35500.000000000000        84450704946478.875       1.41224155794152530E+019
   35700.000000000000        83977591753501.406       1.40624227940253327E+019
   35900.000000000000        83509750016713.094       1.40286595849572823E+019
   36100.000000000000        83047092121883.656       1.39533206037476495E+019
   36300.000000000000        82589532385674.938       1.39276828449804554E+019
   36500.000000000000        82136987002739.719       1.38407476653268931E+019
   36700.000000000000        81689373994550.406       1.38211134069227786E+019
   36900.000000000000        81246613159891.594       1.37268501969159229E+019
   37100.000000000000        80808626026954.172       1.37112573057721999E+019
   37300.000000000000        80375335806970.516       1.36317039021586842E+019
   37500.000000000000        79946667349333.328       1.35140061934864118E+019
   37700.000000000000        79522547098143.234       1.35664586479836672E+019
   37900.000000000000        79102903050131.922       1.35203856547521126E+019
   38100.000000000000        78687664713910.766       1.34413986491602145E+019
   38300.000000000000        78276763070496.078       1.34034811456009482E+019
   38500.000000000000        77870130535064.938       1.33771217291963290E+019
   38700.000000000000        77467700919896.641       1.33261634613017088E+019
   38900.000000000000        77069409398457.578       1.32725861210425078E+019
   39100.000000000000        76675192470588.234       1.31787572849141821E+019
   39300.000000000000        76284987928753.188       1.31810249571188941E+019
   39500.000000000000        75898734825316.453       1.31321305748416860E+019
   39700.000000000000        75516373440806.047       1.30858343579121152E+019
   39900.000000000000        75137845253132.828       1.30312118781859983E+019
   40100.000000000000        74763092907730.672       1.29645776420918231E+019
   40300.000000000000        74392060188585.609       1.29023356809328620E+019
   40500.000000000000        74024691990123.453       1.28180141416669553E+019
   40700.000000000000        73660934289926.297       1.28408269913597972E+019
   40900.000000000000        73300734122249.391       1.27964417990201426E+019
   41100.000000000000        72944039552311.438       1.27499897271452754E+019
   41300.000000000000        72590799651331.719       1.27006906660165243E+019
   41500.000000000000        72240964472289.156       1.26484818265911071E+019
   41700.000000000000        71894485026378.891       1.25487401622895903E+019
   41900.000000000000        71551313260143.203       1.25502373322142269E+019
   42100.000000000000        71211402033254.156       1.24985837376487363E+019
   42300.000000000000        70874705096926.719       1.24582368816564797E+019
   42500.000000000000        70541177072941.172       1.24048738417043886E+019
   42700.000000000000        70210773433255.266       1.23590657557798912E+019
   42900.000000000000        69883450480186.477       1.22022372720649359E+019
   43100.000000000000        69559165327146.172       1.20776964446593823E+019
   43300.000000000000        69237875879907.625       1.20942059932542976E+019
   43500.000000000000        68919540818390.805       1.19303529093301637E+019
   43700.000000000000        68604119578947.367       1.18295074192164782E+019
   43900.000000000000        68291572337129.844       1.18231826487969239E+019
   44100.000000000000        67981859990929.703       1.16694837647160115E+019
   44300.000000000000        67674944144469.523       1.16565602342957404E+019
   44500.000000000000        67370787092134.828       1.15936522059122852E+019
   44700.000000000000        67069351803131.992       1.10046900419064586E+019
   44900.000000000000        66770601906458.797       1.10936402010212700E+019
   45100.000000000000        66474501676274.945       1.10825844548114022E+019
   45300.000000000000        66181016017660.047       1.10343353181726228E+019
   45500.000000000000        65890110452747.250       1.10975986095898173E+019
   45700.000000000000        65601751107221.008       1.11303718335780844E+019
   45900.000000000000        65315904697167.758       1.10702348148730819E+019
   46100.000000000000        65032538516268.984       1.11559791321209713E+019
   46300.000000000000        64751620423326.133       1.11585380943921971E+019
   46500.000000000000        64473118830107.523       1.11397550216857580E+019
   46700.000000000000        64197002689507.492       1.11768287255484887E+019
   46900.000000000000        63923241484008.531       1.12447478486531215E+019
   47100.000000000000        63651805214437.367       1.12605225326774292E+019
   47300.000000000000        63382664389006.344       1.13300951377303060E+019
   47500.000000000000        63115790012631.578       1.13379765068281262E+019
   47700.000000000000        62851153576519.914       1.13683637146338918E+019
   47900.000000000000        62588727048016.703       1.13992592720784589E+019
   48100.000000000000        62328482860706.859       1.14029693675281142E+019
   48300.000000000000        62070393904761.906       1.14788120371953521E+019
   48500.000000000000        61814433517525.773       1.14954519877064458E+019
   48700.000000000000        61560575474332.648       1.15085914259019059E+019
   48900.000000000000        61308793979550.102       1.15505925838694789E+019
   49100.000000000000        61059063657841.141       1.15744543064233062E+019
   49300.000000000000        60811359545638.945       1.16064597097986396E+019
   49500.000000000000        60565657082828.281       1.16355416425110589E+019
   49700.000000000000        60321932104627.766       1.16769894956415611E+019
   49900.000000000000        60080160833667.336       1.17085646874264924E+019
   50100.000000000000        59840319872255.492       1.17524347198129705E+019
   50300.000000000000        59602386194831.016       1.17863300798932849E+019
   50500.000000000000        59366337140594.063       1.17988061125981082E+019
   50700.000000000000        59132150406311.641       1.18426165503849001E+019
   50900.000000000000        58899804039292.734       1.18883126420650988E+019
   51100.000000000000        58669276430528.375       1.19077421414049669E+019
   51300.000000000000        58440546307992.203       1.19147725226700861E+019
   51500.000000000000        58213592730097.086       1.19893702692870410E+019
   51700.000000000000        57988395079303.672       1.20553178961858970E+019
   51900.000000000000        57764933055876.688       1.20741637204636508E+019
   52100.000000000000        57543186671785.031       1.21134519244203602E+019
   52300.000000000000        57323136244741.875       1.21520350519682232E+019
   52500.000000000000        57104762392380.953       1.22044375363686789E+019
   52700.000000000000        56888046026565.469       1.22632011931081380E+019
   52900.000000000000        56672968347826.086       1.22742327987347722E+019
   53100.000000000000        56459510839924.672       1.23188464698948874E+019
   53300.000000000000        56247655264540.336       1.23683762631300751E+019
   53500.000000000000        56037383656074.766       1.24129135544116900E+019
   53700.000000000000        55828678316573.555       1.24599231971184886E+019
   53900.000000000000        55621521810760.664       1.25065911080251290E+019
   54100.000000000000        55415896961182.992       1.25487601592982077E+019
   54300.000000000000        55211786843462.250       1.25812756783086899E+019
   54500.000000000000        55009174781651.375       1.26415945852067328E+019
   54700.000000000000        54808044343692.867       1.26826221901973914E+019
   54900.000000000000        54608379336976.320       1.27274393199797801E+019
   55100.000000000000        54410163803992.742       1.27730418431353528E+019
   55300.000000000000        54213382018083.180       1.28451494204011274E+019
   55500.000000000000        54018018479279.281       1.28623607500635238E+019
   55700.000000000000        53824057910233.391       1.29338705966375035E+019
   55900.000000000000        53631485252236.133       1.29698705642980147E+019
   56100.000000000000        53440285661319.070       1.30242786050696929E+019
   56300.000000000000        53250444504440.500       1.30627079434558259E+019
   56500.000000000000        53061947355752.211       1.31257393919032812E+019
   56700.000000000000        52874779992945.328       1.31734923698895770E+019
   56900.000000000000        52688928393673.109       1.32116081026003128E+019
   57100.000000000000        52504378732049.039       1.32764891612316017E+019
   57300.000000000000        52321117375218.148       1.33255986783531971E+019
   57500.000000000000        52139130880000.000       1.33772831746484122E+019
   57700.000000000000        51958405989601.383       1.34246483400735580E+019
   57900.000000000000        51778929630397.234       1.34858437411344896E+019
   58100.000000000000        51600688908777.969       1.35304783680809042E+019
   58300.000000000000        51423671108061.750       1.35847703577700823E+019
   58500.000000000000        51247863685470.086       1.36417306585919427E+019
   58700.000000000000        51073254269165.250       1.36887085718696448E+019
   58900.000000000000        50899830655348.047       1.37416650648475443E+019
   59100.000000000000        50727580805414.555       1.37666972648585810E+019
   59300.000000000000        50556492843170.320       1.38532935556883436E+019
   59500.000000000000        50386555052100.844       1.39075775962791117E+019
   59700.000000000000        50217755872696.820       1.39678776479068652E+019
   59900.000000000000        50050083899833.055       1.40227531837886341E+019
   60100.000000000000        49883527880199.664       1.40794229446296556E+019
   60300.000000000000        49718076709784.414       1.41344125479333949E+019
   60500.000000000000        49553719431404.961       1.41855213244068250E+019
   60700.000000000000        49390445232289.953       1.42433763772120330E+019
   60900.000000000000        49228243441707.719       1.43014246374077153E+019
   61100.000000000000        49067103528641.570       1.43559435599415849E+019
   61300.000000000000        48907015099510.602       1.44163178853700157E+019
   61500.000000000000        48747967895934.961       1.44753728512164229E+019
   61700.000000000000        48589951792544.570       1.45367321862422999E+019
   61900.000000000000        48432956794830.375       1.45956705423538012E+019
   62100.000000000000        48276973037037.039       1.46560368158816748E+019
   62300.000000000000        48121990780096.305       1.47133398383927480E+019
   62500.000000000000        47968000409600.000       1.47698888234295091E+019
   62700.000000000000        47814992433811.805       1.48309851087032422E+019
   62900.000000000000        47662957481717.008       1.48914187315694039E+019
   63100.000000000000        47511886301109.352       1.49520970832632136E+019
   63300.000000000000        47361769756714.063       1.50169188662933811E+019
   63500.000000000000        47212598828346.453       1.50755032371476173E+019
   63700.000000000000        47064364609105.180       1.51419433483337851E+019
   63900.000000000000        46917058303599.375       1.51984818379341189E+019
   64200.000000000000        46697819713395.641       1.52949295417484104E+019
   64600.000000000000        46408669126934.984       1.54202563443239547E+019
   65000.000000000000        46123077316923.078       1.55488198547483607E+019
   65400.000000000000        45840978984709.477       1.56767407678306836E+019
   65800.000000000000        45562310419452.891       1.58082485322600161E+019
   66200.000000000000        45287009450151.055       1.59386574367836959E+019
   66600.000000000000        45015015399399.398       1.60717007432683520E+019
   67000.000000000000        44746269038805.969       1.62066554688216965E+019
   67400.000000000000        44480712545994.063       1.63412602137380291E+019
   67800.000000000000        44218289463126.844       1.64778993011665715E+019
   68200.000000000000        43958944656891.492       1.66156615930812621E+019
   68600.000000000000        43702624279883.383       1.67554467323787121E+019
   69000.000000000000        43449275733333.336       1.68952315619317084E+019
   69400.000000000000        43198847631123.922       1.70369677372379136E+019
   69800.000000000000        42951289765042.977       1.71801964804336087E+019
   70200.000000000000        42706553071225.070       1.73240275763744256E+019
   70600.000000000000        42464589597733.711       1.74698593123206083E+019
   71000.000000000000        42225352473239.438       1.76160861925594726E+019
   71400.000000000000        41988795876750.703       1.77643068050223473E+019
   71800.000000000000        41754875008356.547       1.79134041203455037E+019
   72200.000000000000        41523546060941.828       1.80637436560379945E+019
   72600.000000000000        41294766192837.469       1.82152675264500224E+019
   73000.000000000000        41068493501369.859       1.83681316213394391E+019
   73400.000000000000        40844686997275.203       1.85220194999741194E+019
   73800.000000000000        40623306579945.797       1.86776412563553034E+019
   74200.000000000000        40404313013477.086       1.88331855057026294E+019
   74600.000000000000        40187667903485.258       1.89775423126231409E+019
   75000.000000000000        39973333674666.664       1.91372594854482084E+019
   75400.000000000000        39761273549071.617       1.93097906763153490E+019
   75800.000000000000        39551451525065.961       1.94715778918769377E+019
   76200.000000000000        39343832356955.383       1.96341480243171287E+019
   76600.000000000000        39138381535248.039       1.97977919713000284E+019
   77000.000000000000        38935065267532.469       1.99623603755672822E+019
   77400.000000000000        38733850459948.320       2.01282719630064435E+019
   77800.000000000000        38534704699228.789       2.02952395442548777E+019
   78200.000000000000        38337596235294.117       2.04633204156693996E+019
   78600.000000000000        38142493964376.594       2.06324310864323789E+019
   79000.000000000000        37949367412658.227       2.08027180226784870E+019
   79400.000000000000        37758186720403.023       2.09742954411869061E+019
   79800.000000000000        37568922626566.414       2.11469343670271754E+019
   80200.000000000000        37381546453865.336       2.13205674401265705E+019
   80600.000000000000        37196030094292.805       2.14955080543173468E+019
   81000.000000000000        37012345995061.727       2.16715158520661361E+019
   81400.000000000000        36830467144963.148       2.18484127100921242E+019
   81800.000000000000        36650367061124.695       2.20267059887571927E+019
   82200.000000000000        36472019776155.719       2.22058277668229530E+019
   82600.000000000000        36295399825665.859       2.23863136258404106E+019
   83000.000000000000        36120482236144.578       2.25679564849933066E+019
   83400.000000000000        35947242513189.445       2.27497465910048113E+019
   83800.000000000000        35775656630071.602       2.29335446756072284E+019
   84200.000000000000        35605701016627.078       2.31183954740446577E+019
   84600.000000000000        35437352548463.359       2.33038531654978970E+019
   85000.000000000000        35270588536470.586       2.34907391936310845E+019
   85400.000000000000        35105386716627.633       2.36784776598656246E+019
   85800.000000000000        34941725240093.238       2.38671902316442870E+019
   86200.000000000000        34779582663573.086       2.40570977087433605E+019
   86600.000000000000        34618937939953.813       2.42478517792781558E+019
   87000.000000000000        34459770409195.402       2.44399042140148695E+019
   87400.000000000000        34302059789473.684       2.46329133843048899E+019
   87800.000000000000        34145786168564.922       2.48267569636419748E+019
   88200.000000000000        33990929995464.852       2.50218952474476585E+019
   88600.000000000000        33837472072234.762       2.52178446934110454E+019
   89000.000000000000        33685393546067.414       2.54147625724543959E+019
   89400.000000000000        33534675901565.996       2.56130808638045307E+019
   89800.000000000000        33385300953229.398       2.58120199048288215E+019
   90200.000000000000        33237250838137.473       2.60121173864114381E+019
   90600.000000000000        33090508008830.023       2.62132771560483512E+019
   91000.000000000000        32945055226373.625       2.64152189463356293E+019
   91400.000000000000        32800875553610.504       2.66183719063091323E+019
   91800.000000000000        32657952348583.879       2.68226616205367132E+019
   92200.000000000000        32516269258134.492       2.70277455590750986E+019
   92600.000000000000        32375810211663.066       2.72336864277757420E+019
   93000.000000000000        32236559415053.762       2.74406600104673198E+019
   93400.000000000000        32098501344753.746       2.76486041007239004E+019
   93800.000000000000        31961620742004.266       2.78579075416767898E+019
   94200.000000000000        31825902607218.684       2.80677439252095017E+019
   94600.000000000000        31691332194503.172       2.82786031944823931E+019
   95000.000000000000        31557895006315.789       2.84909194151893770E+019
   95400.000000000000        31425576788259.957       2.87037699160612741E+019
   95800.000000000000        31294363524008.352       2.89174474898089492E+019
   96200.000000000000        31164241430353.430       2.91323078925283697E+019
   96600.000000000000        31035196952380.953       2.93479586876713984E+019
   97000.000000000000        30907216758762.887       2.95649187015621673E+019
   97400.000000000000        30780287737166.324       2.97822733093425684E+019
   97800.000000000000        30654396989775.051       3.00009272099058524E+019
   98200.000000000000        30529531828920.570       3.02204682725747098E+019
   98600.000000000000        30405679772819.473       3.04412899675298529E+019
   99000.000000000000        30282828541414.141       3.06626267682458665E+019
   99400.000000000000        30160966052313.883       3.08848789246199316E+019
   99800.000000000000        30040080416833.668       3.11086769322191053E+019
   100200.00000000000        29920159936127.746       3.13327780762820403E+019
   200000.00000000000        14990000128000.000       1.14065347695848423E+020
   400000.00000000000        7495000064000.0000       4.04576085189737513E+020
   600000.00000000000        4996666709333.3330       7.96394046066626789E+020
   800000.00000000000        3747500032000.0000       1.21353502116422694E+021
  1000000.00000000000        2998000025600.0000       1.58009973375763926E+021
   1200000.0000000000        2498333354666.6665       1.82026225068474316E+021
   1400000.0000000000        2141428589714.2856       1.85817702829214034E+021
   1600000.0000000000        1873750016000.0000       1.61800867159926794E+021
