   32945055226373628.       2.59825427984751210E+032
   31893617293617020.       9.06217685087952065E+032
   31229166933333332.       1.98285575536089199E+033
   30591836995918368.       4.23336565695550433E+033
   29980000256000000.       7.35181751617603174E+033
   29392157113725492.       1.41270283747046188E+034
   28826923323076924.       2.76606751707318749E+034
   28283019109433964.       5.20618361849019315E+034
   27759259496296296.       9.61847678735459577E+034
   27254545687272728.       2.09159948595795912E+035
   26298245838596492.       6.03490526899972188E+035
   25406779877966100.       1.72514308268524888E+036
   24776859715702480.       3.38159992829727377E+036
   23984000204800000.       8.17828054950039090E+036
   23606299414173228.       8.54108995163022027E+036
   23421875200000000.       6.48126740553599328E+036
   22885496378625956.       1.17394790652392988E+037
   22712121406060608.       1.40172350715665566E+037
   22373134519402984.       2.01323541346659465E+037
   21883211865693432.       3.06253932926453262E+037
   21414285897142856.       5.31958921196223488E+037
   20965035144055944.       7.11545899125254636E+037
   20394557997278912.       1.39374918084951875E+038
   19854304805298012.       2.58713937060379076E+038
   19341935649032260.       4.61800787518806953E+038
   18855346072955976.       7.42538174835434507E+038
   18506172997530864.       5.73888590604406722E+038
   18060241118072288.       1.06174647081729285E+039
   17635294268235294.       1.73130163316742702E+039
   17329479916763006.       2.46217544422805583E+039
   16937853251977402.       3.38887491507747934E+039
   16655555697777778.       4.78814290297203613E+039
   16472527613186814.       5.71960961294341071E+039
   16118279707526882.       4.35204968313534999E+040
   15696335212565446.       1.48416149307476856E+040
   15453608379381444.       1.99366588846762065E+040
   15141414270707070.       2.48931052011370062E+040
   14841584285148514.       3.55533560906071794E+040
   14624390368780488.       5.02470416307081378E+040
   14276190598095238.       8.72034180179597155E+040
   13879629748148148.       1.43669127418008879E+041
   13627272843636364.       1.30644096097546589E+041
   13443946303139014.       2.14645078060553193E+041
   13207048570925110.       2.58947105336002005E+041
   13034782720000000.       5.41521060982994085E+042
   12811965921367522.       1.47581179288472979E+042
   12491666773333334.       1.38861824533798260E+042
   12186991973983740.       5.63838052481478788E+043
   11896825498412698.       6.26602378577153272E+043
   11665369749416342.       8.57119286046873205E+043
   11530769329230770.       4.30095065932808382E+043
   11356060703030304.       5.27977906297196446E+043
   11144981507806692.       5.29721210555386345E+043
   10941605932846716.       1.19725764695552486E+044
   10745519805017922.       5.97160630930527723E+043
   10556338118309860.       7.43535866300829397E+043
   10337931122758620.       5.22246851472827455E+043
   10128378464864864.       6.98268323697567469E+043
   9960132975415282.0       1.24673901292373672E+044
   9733766316883116.0       1.57036523488023230E+044
   9427673036477988.0       1.28601736828606683E+044
   9140243980487804.0       2.03797522279519327E+044
   8869822560946746.0       1.45451891238088409E+044
   8614942602298851.0       2.09009981241729152E+044
   8397759175350140.0       1.53067369741365607E+044
   8191256900546448.0       2.60390714036157002E+044
   7994666734933333.0       1.20105816317618590E+044
   7787013053506494.0       3.24768370432894527E+044
   7589873482531646.0       2.42039402181521822E+044
   7402469199012346.0       3.11587673459982200E+044
   7241545955555556.0       3.99085537632669393E+044
   7104265463507109.0       4.09419985658522525E+044
   6972093082790698.0       4.29321582672683341E+044
   6798185999092971.0       4.14603185526986204E+044
   6647450167627494.0       5.07137222899100158E+044
   6517391360000000.0       5.18031420801293151E+044
   6378723458723404.0       6.35327283096875989E+044
   6245833386666667.0       5.62227018670980173E+044
   6118367399183673.0       5.98914167811117980E+044
   5996000051200000.0       7.38327272830875148E+044
   5924901236363636.0       8.06632943709836713E+044
   5855468800000000.0       7.66738700909148800E+044
   5765384664615385.0       9.34695966569329680E+044
   5656603821886792.0       9.38021254859798419E+044
   5551851899259259.0       8.44617241484992679E+044
   5450909137454545.0       9.50559982524953683E+044
   5353571474285714.0       1.09909068771036763E+045
   5259649167719298.0       1.10776512317857554E+045
   5168965561379310.0       1.11625541054151571E+045
   5081355975593220.0       1.21982585985094604E+045
   4996666709333333.0       1.09895529924121307E+045
   4914754140327869.0       1.31405716019216544E+045
   4835483912258065.0       1.38317467656751787E+045
   4758730199365079.0       2.42030561415597929E+045
   4684375040000000.0       1.40556480082206107E+045
   4612307731692308.0       1.49373877636063020E+045
   4556231041945289.0       1.50833127656608738E+045
   4508270715187970.0       1.54895371540702945E+045
   4441481519407407.5       1.64666331991316988E+045
   4376642373138686.0       1.63577994840159853E+045
   4313669101582734.0       1.69551427499605787E+045
   4252482305815603.0       1.79711179754996900E+045
   4187150873743017.0       1.86524240668486247E+045
   4129476619283746.5       1.91526325014884305E+045
   4078911599455782.5       1.95650042775492348E+045
   4024161108187919.5       1.93096427330887040E+045
   3970860961059602.5       1.48078839569012649E+045
   3918954281830065.5       2.18042408244313525E+045
   3868387129806451.5       1.98309778053921557E+045
   3819108312866242.0       1.77843030095743198E+045
   3771069214591195.0       2.29904132194514979E+045
   3724223634285714.5       2.34938626194309205E+045
   3678527638773006.0       2.38095980315971169E+045
   3633939424969697.0       2.46321748222654139E+045
   3590419192335329.5       2.12786939497963870E+045
   3547929024378698.0       2.58521066525983110E+045
   3506432778479532.0       2.57148868816915340E+045
   3465895983352601.0       2.69187883336504266E+045
   3426285743542857.0       2.74916187825040369E+045
   3387570650395480.0       2.81224058523173852E+045
   3349720698994413.5       2.89490892110429462E+045
   3312707210607735.0       2.96301179548132432E+045
   3276502760218579.0       5.50075501427347348E+045
   3241081108756757.0       5.26357224344943662E+045
   3206417139679144.5       8.27233206532652034E+045
   3172486799576719.5       1.02363145182616163E+046
   3139267042513089.0       1.15615835426253321E+046
   3106735777823834.0       1.31261931815622481E+046
   3074871821128205.0       8.72295795667807155E+045
   3043654848324873.0       1.42004145629091795E+046
   3013065352361809.0       1.41568576328848713E+046
   2983084602587064.5       1.48402699230335659E+046
   2953694606502463.0       1.46201282509276297E+046
   2924878073756097.5       1.00023790069087809E+046
   2896618382222222.0       1.40123088358403594E+046
   2868899546028708.0       1.69903393894120744E+046
   2841706185402843.5       1.72131912136413827E+046
   2815023498215962.5       1.65349099490439670E+046
   2788837233116279.0       1.71466982508837870E+046
   2763133664147465.5       1.66806211842909667E+046
   2737899566757991.0       1.80345695103096524E+046
   2713122195113122.0       1.78298297047084202E+046
   2688789260627802.5       1.79512484679714837E+046
   2664888911644444.5       1.71494838188771791E+046
   2641409714185022.0       1.85490147434688917E+046
   2618340633711790.5       1.82285406882244485E+046
   2595671017835498.0       1.83760922933319717E+046
   2573390579914163.0       1.88287102608868426E+046
   2551489383489361.5       1.68754730447166643E+046
   2529957827510548.5       1.89868311851476784E+046
   2508786632301255.0       1.77577717880796828E+046
   2487966826224066.5       1.62893234251841790E+046
   2467489733004115.0       1.18920950648467370E+046
   2447346959673469.5       1.68594481200442262E+046
   2427530385101214.5       1.80424250634231558E+046
   2408032149076305.0       2.05694507043338756E+046
   2388844641912350.5       2.02205557885289175E+046
   2369960494545454.5       2.00477097003537062E+046
   2351372569098039.0       2.09240366416969857E+046
   2333073949883268.5       2.12064959895317287E+046
   2315057934826255.0       2.05469257995974675E+046
   2297318027279693.5       2.07672476085195819E+046
   2279847928212928.0       2.16890936229866357E+046
   2262641528754717.0       2.15826955198264408E+046
   2245692903071161.0       2.13274614553920672E+046
   2228996301561338.3       2.18728355155287118E+046
   2212546144354243.5       2.22292051474457278E+046
   2196337015091575.0       2.20185607749272480E+046
   2180363654981818.3       2.22351109141717753E+046
   2164620957111913.3       2.24223592663376136E+046
   2149103961003584.3       2.13839303098221060E+046
   2133807847402135.3       2.19740163856914255E+046
   2118727933286219.0       2.27846720658117295E+046
   2103859667087719.3       2.26878167363131358E+046
   2089198624111498.3       2.29836929031152691E+046
   2079056883217753.0       2.33195478303925438E+046
   2071872858051140.3       2.33770473574740487E+046
   2060481117250859.0       2.34038538063107387E+046
   2046416399726962.5       2.33670068076403249E+046
   2032542390237288.3       2.34912515671706663E+046
   2018855236094276.0       2.36598818191743027E+046
   2005351187692307.8       2.37831307400958796E+046
   1992026595083056.5       2.37011640178636244E+046
   1982804249735449.8       2.34017127512685208E+046
   1976268968754120.0       2.37075604050302446E+046
   1965901656131147.5       2.37203035429050916E+046
   1953094479218241.0       2.31387589048207594E+046
   1940453091003236.3       2.19297976945780065E+046
   1927974292990353.8       2.33635473676739149E+046
   1915654968434504.8       2.31293077820940384E+046
   1903492079746031.8       2.40443959769043601E+046
   1891482665993690.8       2.39979826214080904E+046
   1879623840501567.5       2.46042601597563110E+046
   1867912788535825.5       2.42765293785607748E+046
   1856346765077399.5       2.43625316865820811E+046
   1844923092676923.0       2.43914867399517453E+046
   1833639159388379.3       2.47103372308198639E+046
   1822492416778115.5       2.46583774511866620E+046
   1811480378006042.3       2.46629563127690699E+046
   1800600615975976.0       2.52083952204813941E+046
   1793062216267942.5       2.47385094690567957E+046
   1787716175074537.8       2.53683677714890982E+046
   1779228501839762.5       2.55270798401277472E+046
   1768731578525073.8       2.53993764111636968E+046
   1758357786275659.8       2.52782405396946556E+046
   1748104971195335.3       2.51342207027678124E+046
   1737971029333333.3       2.51909698561732151E+046
   1727953905244956.8       2.56641573175232131E+046
   1718051590601719.3       2.55810531524993310E+046
   1708262122849002.8       2.59422463926769514E+046
   1698583583909348.5       2.54791764726809034E+046
   1689014098929577.5       2.58774841307683140E+046
   1679551835070028.0       2.59986992791574790E+046
   1670195000334261.8       2.62948975751894781E+046
   1660941842437673.3       2.64255494488344122E+046
   1651790647713498.5       2.61980232112409368E+046
   1642739740054794.5       2.64096480463812768E+046
   1633787479891008.3       2.64068248117449501E+046
   1624932263197832.0       2.59309276995581203E+046
   1616172520539083.5       2.58868313648120066E+046
   1607506716139410.3       2.61780969980787672E+046
   1598933346986666.8       2.66958865502346499E+046
   1590450941962864.8       2.61415511645407457E+046
   1582058061002638.5       2.58552030578357827E+046
   1573753294278215.3       2.65837874810497766E+046
   1565535261409921.8       2.62835579909070274E+046
   1557402610701298.8       2.61986809726322719E+046
   1549354018397932.8       2.66704936183257022E+046
   1541388187969151.8       2.70902015779105261E+046
   1533503849411764.8       2.65163127015156846E+046
   1524148462430096.5       2.72318543776201493E+046
   1517206490688259.0       2.76032126865698436E+046
   1511088722580645.3       2.72267909691487294E+046
   1502756905062656.8       2.70175971520235549E+046
   1495261858154613.5       2.74216674409059374E+046
   1487841203771712.3       2.75130711808627536E+046
   1480493839802469.3       2.78809586589636699E+046
   1473218685798525.8       2.75911989950557878E+046
   1466014682444987.8       2.77423184040724697E+046
   1458880791046228.8       2.70270642279788117E+046
   1451815993026634.5       2.75691472449235103E+046
   1445515923625843.8       2.84582347289479762E+046
   1442733409817131.8       2.80697367567434221E+046
   1437889700527578.0       2.83198762131465255E+046
   1431026265202864.0       2.80513992201250911E+046
   1424228040665083.3       2.84193088167076264E+046
   1417494101938534.3       2.85643893655517898E+046
   1410823541458823.5       2.87933577046523506E+046
   1404215468665105.5       2.86169292791337870E+046
   1397669009603729.5       2.86534753344867708E+046
   1391183306542923.5       2.89367849316330474E+046
   1384757517598152.5       2.87936899642709238E+046
   1378390816367816.0       2.88610480729327760E+046
   1372082391578947.3       2.88829217747888131E+046
   1365831446742596.8       2.92239443319808012E+046
   1359637199818594.0       2.91084404859678919E+046
   1353498882889390.5       2.89999884082954069E+046
   1347415741842696.8       2.89237660187151881E+046
   1341387036062639.8       2.93442238220763699E+046
   1335412038129176.0       2.92774273278060584E+046
   1329490033525499.0       2.91597057040329623E+046
   1323620320353201.0       2.93636629796972380E+046
   1317802209054945.0       2.95701172832233624E+046
   1312035022144420.3       2.97530825391832005E+046
   1306318093943355.0       2.94546131040908039E+046
   1300650770325379.5       2.96431793188649847E+046
   1295032408466522.8       2.96448162641716332E+046
   1289462376602150.5       2.80736209298433649E+046
   1283940053790150.0       2.96251940182759423E+046
   1278464829680170.5       2.94235073396800232E+046
   1273036104288747.3       2.98551919754182496E+046
   1267653287780126.8       2.96201782167018797E+046
   1262315800252631.5       2.98699979464582262E+046
   1257023071530398.3       2.95337806125633388E+046
   1251774540960334.0       2.99875533885373578E+046
   1246569657214137.3       2.99035305200195600E+046
   1241407878095238.0       3.00236948691630053E+046
   1236288670350515.5       3.03199307817630655E+046
   1231211509486653.0       3.01344509606415476E+046
   1226175879591002.0       3.04369498960057182E+046
   1221181273156822.8       3.04970847274287781E+046
   1216227190912779.0       3.04550080537189451E+046
   1211313141656565.8       3.04527087470020382E+046
   1206438642092555.3       3.07430716875553292E+046
   1201603216673346.8       3.02191161788002444E+046
   1196806397445109.8       3.09878990083554876E+046
   1192996428810187.0       3.05513597363478734E+046
   1190627492295472.5       3.09494783403826406E+046
   1187326742811881.3       3.07331700199624503E+046
   1182643008126232.8       3.07422433789543840E+046
   1177996080785854.5       3.07796636896199527E+046
   1173385528610567.5       3.11860516835000442E+046
   1168810926159844.0       3.11960651796917193E+046
   1164271854601941.8       3.15189481624204312E+046
   1159767901586073.5       3.16185889461525572E+046
   1155298661117533.8       3.16684036326565847E+046
   1150863733435700.5       3.15849496899686279E+046
   1146462724894837.5       3.16439713990955665E+046
   1142095247847619.0       3.17990725544962550E+046
   1137760920531309.3       3.19132098192077143E+046
   1133459366956521.8       3.24383250078843433E+046
   1129190216798493.5       3.24944624237338067E+046
   1124953105290806.8       3.23482256441712956E+046
   1120747673121495.4       3.25730147611224709E+046
   1116573566331471.1       3.27209750395422552E+046
   1112430436215213.4       3.25782199446470488E+046
   1108317939223659.9       3.27644732817495939E+046
   1104235736869244.9       3.26957181954358257E+046
   1100183495633027.5       3.26684215063388459E+046
   1096160886873857.4       3.29658820414036400E+046
   1092167586739526.4       3.25701249830388817E+046
   1088203276079854.8       3.26907070040507177E+046
   1084267640361663.6       3.29152266796862069E+046
   1080360369585585.6       3.32970299380633945E+046
   1076481158204667.9       3.33329530511502074E+046
   1072629705044722.8       3.26604896819374440E+046
   1068805713226381.5       3.31580306860557880E+046
   1065008890088810.0       3.36954671632398667E+046
   1061238947115044.3       3.36329187482211251E+046
   1057495599858906.5       3.35442446516271027E+046
   1053778567873462.3       3.36361585550242218E+046
   1050087574640980.8       3.37367725466658118E+046
   1046422347504363.0       3.40017548222052895E+046
   1042782617600000.0       3.40273776791733238E+046
   1039168119792027.8       3.42033614933465277E+046
   1035578592607944.8       3.43041683020370008E+046
   1030240558625429.5       3.46113951991420554E+046
   1023208199863481.3       3.46881064236069234E+046
   1016271195118644.1       3.47853321683595449E+046
   1009427618047138.0       3.51212979300913620E+046
   1002675593846153.9       3.53253689433063544E+046
   996013297541528.25       3.56222871733786554E+046
   989438952343234.38       3.58605799330250299E+046
   982950828065573.75       3.60591871690825976E+046
   976547239609120.50       3.62675019310940424E+046
   970226545501618.13       3.65079503915272262E+046
   963987146495176.88       3.67156698064865460E+046
   957827484217252.38       3.69095756278754061E+046
   951746039873015.88       3.71604804817310691E+046
   945741332996845.38       3.73999691176934079E+046
   939811920250783.75       3.74228162800518855E+046
   933956394267912.75       3.78359973869241928E+046
   928173382538699.75       3.80773249317555389E+046
   922461546338461.50       3.83653246239426738E+046
   916819579694189.63       3.86704287197342993E+046
   911246208389057.75       3.89129999857203059E+046
   905740189003021.13       3.92082369997730040E+046
   900300307987988.00       3.94429408424964201E+046
   894925380776119.38       3.96462541719061230E+046
   889614250919881.25       3.99236800257596584E+046
   884365789262536.88       4.02226678181687094E+046
   879178893137829.88       4.05453539797997292E+046
   874052485597667.63       3.99869701454015744E+046
   868985514666666.63       4.03073636797357942E+046
   863976952622478.38       4.06885367319232394E+046
   859025795300859.63       4.09966069247901465E+046
   854131061424501.38       4.13656344851742329E+046
   849291791954674.25       4.16407912070594366E+046
   844507049464788.75       4.19838816094614988E+046
   839775917535014.00       4.22564307373331854E+046
   835097500167130.88       4.24788936531283104E+046
   830470921218836.63       4.28436717819706514E+046
   825895323856749.25       4.31472995749701621E+046
   823626380659340.63       4.33717414491224066E+046
   821369870027397.25       3.48702739813432253E+046
   816893739945504.13       3.44532474176040675E+046
   812466131598916.00       3.48671310346341633E+046
   808086260269541.75       3.83500387614177035E+046
   803753358069705.13       3.91285660190940163E+046
   799466673493333.38       4.39385541567496906E+046
   795225470981432.38       4.46908792297367609E+046
   791029030501319.25       4.78281256416562152E+046
   786876647139107.63       5.11595602606728714E+046
   782767630704960.88       4.59902597949192293E+046
   778701305350649.38       5.35230657327853085E+046
   774677009198966.38       5.51197257735600852E+046
   770694093984575.88       4.53764071756410369E+046
   766751924705882.38       5.58540087941845371E+046
   762849879287531.75       5.55434025550308293E+046
   758987348253164.50       5.60237951865428340E+046
   755163734408060.50       4.50497378733572810E+046
   751378452531328.38       5.60340244494847404E+046
   747630929077306.75       5.71290726049147036E+046
   743920601885856.13       5.65601687741187770E+046
   740246919901234.63       5.75331033290486121E+046
   736609342899262.88       5.71875056601720960E+046
   733007341222493.88       5.40967899075534524E+046
   729440395523114.38       4.81965245857540869E+046
   725907996513317.25       5.68944978006525248E+046
   722409644722891.63       5.75568013913839619E+046
   718944850263789.00       5.77994708130269767E+046
   715513132601432.00       5.79217614517708454E+046
   712114020332541.63       5.79870119024792004E+046
   708747050969267.13       5.79873438779761160E+046
   705411770729411.75       5.79988116759868001E+046
   702107734332552.75       5.78524551661368038E+046
   698834504801864.75       5.78497678965926273E+046
   695591653271461.75       5.72481038267756636E+046
   692378758799076.25       5.35020151788640800E+046
   689195408183908.00       4.95906654343076686E+046
   686041195789473.63       5.77800430593448567E+046
   682915723371298.38       5.76796721952779236E+046
   679818599909297.00       5.83184131382302311E+046
   676749441444695.25       5.84857803076337470E+046
   673707870921348.38       5.86353264212245334E+046
   670693518031319.88       5.77744272190490281E+046
   667706019064588.00       5.85859105723316408E+046
   664745016762749.50       5.89848184838118943E+046
   661810160176600.50       5.88464241767957579E+046
   658901104527472.50       5.87905394680777960E+046
   656017511072210.13       5.91300948206347721E+046
   653159046971677.50       5.90297823199260524E+046
   650325385162689.75       5.92486186254068654E+046
   647516204233261.38       5.91779614629676849E+046
   644731188301075.25       5.92420325847400682E+046
   641970026895075.00       5.93799344230087375E+046
   639232414840085.25       5.93622500437927139E+046
   636518052144373.63       5.89891548026160941E+046
   633826643890063.38       5.94729630351877218E+046
   631157900126315.75       5.95388418385846882E+046
   628511535765199.13       5.96239154332137613E+046
   625887270480167.00       5.96087138228112985E+046
   623284828607068.63       5.95492170983266359E+046
   620703939047619.00       5.92312926421948836E+046
   618144335175257.75       5.56979789702561989E+046
   615605754743326.50       5.05241054625533613E+046
   613087939795501.00       5.90779763994983701E+046
   610590636578411.38       5.96459589013224517E+046
   608113595456389.50       5.91966286686826928E+046
   605656570828282.88       5.99084538146061281E+046
   603219321046277.63       6.00192816842155946E+046
   600801608336673.38       5.98507807769144484E+046
   598403198722554.88       5.93813262219489124E+046
   596023861948310.13       5.99795157331250367E+046
   593663371405940.63       5.97433242860431473E+046
   591321504063116.38       6.01605405862342162E+046
   588998040392927.25       6.00896600617628677E+046
   586692764305283.75       6.01419409696386070E+046
   584405463079922.00       6.00932725188375121E+046
   582135927300970.88       6.00231373326661004E+046
   579883950793036.75       5.99184746041813566E+046
   577649330558766.88       6.00541521207222247E+046
   575431866717850.25       6.01276970962880473E+046
   573231362447418.75       6.02035159297144587E+046
   571047623923809.50       6.03763758362202272E+046
   568880460265654.63       6.00841836031150233E+046
   566729683478260.88       6.04741728441327459E+046
   564595108399246.75       6.05449299606017410E+046
   562476552645403.38       6.03802755065452842E+046
   560373836560747.69       6.06449243559681536E+046
   558286783165735.56       6.06504757703049625E+046
   556215218107606.69       6.06457161720001687E+046
   554158969611829.94       6.05911535301858466E+046
   552117868434622.44       6.06429838168279168E+046
   550091747816513.75       6.08120528889759423E+046
   548080443436928.69       6.08128151578514566E+046
   546083793369763.19       6.08697554277797167E+046
   544101638039927.38       6.08813469915951172E+046
   542133820180831.81       6.09572163173769951E+046
   540180184792792.81       6.10629792133075231E+046
   538240579102333.94       6.09947850601378103E+046
   536314852522361.38       6.09948905644398452E+046
   534402856613190.75       6.10952468114102792E+046
   532504445044405.00       6.11786825146581664E+046
   530619473557522.13       6.11818058479561066E+046
   528747799929453.25       6.11284045212661730E+046
   526889283936731.13       6.12623287433666574E+046
   525043787320490.38       6.11501529827930189E+046
   523211173752181.50       6.14400307566056856E+046
   521391308800000.00       6.14218642653801114E+046
   519584059896013.88       6.15381480403738740E+046
   517789296303972.38       6.15344863730404286E+046
   516006889087779.69       6.16926421919794413E+046
   514236711080617.50       6.18169561869494381E+046
   512478636854700.88       6.17997990613673558E+046
   510732542691652.50       6.11986249427122687E+046
   508998306553480.50       6.16862779180721351E+046
   507275808054145.50       6.19914695832936497E+046
   505564928431703.19       6.20666375240963886E+046
   503865550521008.38       6.21190476242247715E+046
   502177558726968.19       6.22389251869903919E+046
   500500838998330.56       6.22537580126823404E+046
   498835278801996.69       6.22780640554760977E+046
   497180767097844.13       6.23908637361906768E+046
   495537194314049.56       6.25375759413524105E+046
   493904452322899.50       6.25606378737861176E+046
   492282434417077.19       6.25684022262799555E+046
   490671035286415.69       6.26175246169572313E+046
   489070150995106.06       6.25157111510478236E+046
   487479678959349.56       6.26476217278312607E+046
   485899517925445.69       6.26618685599541979E+046
   484329567948303.69       6.28907717949388669E+046
   482769730370370.38       6.29664554307773358E+046
   481219907800963.06       6.29153273629437041E+046
   479680004096000.00       6.27918589127148821E+046
   478149924338118.00       6.31459716497123695E+046
   476629574817170.13       6.32200375575895492E+046
   475118863011093.50       6.31669951532780045E+046
   473617697567140.63       6.33219345636997246E+046
   472125988283464.56       6.33197285230211687E+046
   470643646091051.81       6.34347480645471660E+046
   469170583035993.75       6.35773461658158556E+046
   467706712262090.50       6.35196851756020533E+046
   466251947993779.19       6.36504147006430176E+046
   464806205519379.88       6.37168598888180290E+046
   463369401174652.25       6.37808378383645135E+046
   461941452326656.38       6.36801687244268987E+046
   460522277357910.94       6.38614513862238785E+046
   459111795650842.25       6.37327987002144403E+046
   457709927572519.06       6.16505247539684962E+046
   456316594459665.13       5.58309413972876230E+046
   454931718603945.38       6.34550053923025209E+046
   453555223237518.94       6.41718238595804534E+046
   452187032518853.69       6.44008513651087064E+046
   450827071518797.00       6.44985381407060065E+046
   449475266206896.56       6.43419587314066065E+046
   448131543437967.13       6.45441847302608223E+046
   446795830938897.19       6.47018552922339460E+046
   445468057295690.94       6.48676373953978089E+046
   444148151940740.75       6.48735648037578137E+046
   442836045140324.94       6.49799152717294814E+046
   441531667982326.94       6.50424402187624659E+046
   440234952364170.31       6.51064349536294250E+046
   438945830980966.31       6.52178100363732717E+046
   437664237313868.63       6.51963772862213662E+046
   436390105618631.75       6.53175754170075962E+046
   435123370914368.63       6.54472677903554077E+046
   433863968972503.63       6.54844172512202094E+046
   432611836305916.31       6.55521750918442833E+046
   431366910158273.38       6.55657781549574408E+046
   430129128493543.75       6.56898593905539654E+046
   428898429985693.88       6.57316289973738653E+046
   427674754008559.19       6.57167068450721613E+046
   426458040625889.06       6.58691143483735198E+046
   425248230581560.31       6.59615276025468795E+046
   424045265289957.56       6.57087758130880739E+046
   422849086826516.25       6.60750437032935778E+046
   421659637918424.75       6.61204620688083070E+046
   420476861935483.88       6.61358590391011688E+046
   419300702881118.88       6.62140467907054844E+046
   418131105383542.56       6.63457229135148636E+046
   416968014687065.38       6.62453487681284496E+046
   415811376643550.63       6.64127496577430495E+046
   414661137704011.06       6.65190500773357410E+046
   413517244910344.81       6.66622184867246054E+046
   412379645887207.69       6.67320159292953029E+046
   411248288834019.19       6.65454194409623034E+046
   410123122517099.88       6.68170153505246540E+046
   409004096261937.25       6.69128545727454211E+046
   407891159945578.25       6.70054997137028226E+046
   406784263989145.19       6.71434496466717019E+046
   405683359350473.63       6.71110946160528412E+046
   404588397516869.13       6.70213198496229511E+046
   403499330497981.19       6.72557802625312134E+046
   402416110818791.94       6.73713060354609435E+046
   401338691512717.56       6.74540630107770593E+046
   400267026114819.75       6.75052446502338254E+046
   399201068655126.50       6.75894567445230058E+046
   398140773652058.44       6.77094604226851195E+046
   397086096105960.25       6.78347024773537661E+046
   396036991492734.50       6.78654493497673414E+046
   394993415757575.75       6.79157629676219670E+046
   393955325308804.19       6.80139523285877649E+046
   392922677011795.56       6.81080719963928952E+046
   391895428183006.56       6.81996344866121761E+046
   390873536584093.88       6.80996755864287124E+046
   389856960416124.81       6.83678448430467006E+046
   388845658313878.06       6.82605379707939757E+046
   387839589340232.88       6.84369265534633426E+046
   386838712980645.19       6.84614579248361479E+046
   385842989137709.13       6.84654010025053759E+046
   384852378125802.31       6.87052770458757957E+046
   383866840665813.06       6.88264485572616561E+046
   382886337879948.94       6.88337426631616106E+046
   381910831286624.19       6.88937318615996060E+046
   380940282795425.69       6.89809335319476624E+046
   379974654702154.63       6.89526251286754790E+046
   379013909683944.38       6.89526257850778087E+046
   378058010794451.44       6.89961683927003687E+046
   377106921459119.50       6.90318829306352847E+046
   376160605470514.44       6.93039160922103604E+046
   375219026983729.69       6.93588348378004088E+046
   374282150511860.19       6.93903786269217780E+046
   373349940921544.19       6.95201052595944224E+046
   372422363428571.44       6.95191947930374332E+046
   371499383593556.38       6.96568085397238528E+046
   370580967317676.13       6.95932482000896198E+046
   369667080838471.00       6.97399202438633593E+046
   368757690725707.25       6.98852352902660146E+046
   367852763877300.63       6.99373314742541895E+046
   366952267515299.88       7.00410838733896968E+046
   366056169181929.19       6.99368129830702292E+046
   365164436735688.19       6.36750419740751331E+046
   364277038347509.13       6.37872705026098513E+046
   363393942496969.69       6.39473391144314993E+046
   362515117968561.06       6.39704336123154322E+046
   361640533848009.63       6.38440343910318064E+046
   360770159518652.25       6.34957940578508754E+046
   359903964657863.13       6.31845040041993800E+046
   359041919233532.94       6.34070418940857707E+046
   358183993500597.38       6.30631921997829035E+046
   357330157997616.19       6.32142820767091575E+046
   356480383543400.69       6.36331932080010697E+046
   355634641233689.19       6.43676612489312739E+046
   354792902437869.81       6.47088671428854653E+046
   353955138795749.69       6.32209413602554960E+046
   353121322214369.88       6.63054992223333135E+046
   352291424864864.88       6.28340046218021353E+046
   351465419179366.94       6.71382364155237141E+046
   350643277847953.19       6.09271102047417971E+046
   349824973815635.94       6.82825162668677538E+046
   349010480279394.63       6.54286579913951220E+046
   348199770685249.69       6.47624414365211011E+046
   347392818725376.56       6.89630841544630790E+046
   346589598335260.13       6.77997329238427839E+046
   345790083690888.13       6.09355728258059474E+046
   344994249205983.88       6.86016887557730763E+046
   344202069529276.69       6.96221684013436550E+046
   343413519541809.88       6.88366386429438308E+046
   342628574354285.69       6.26633627384187749E+046
   341847209304447.00       6.81800416350192204E+046
   341069399954493.75       6.99199265026194685E+046
   340295122088535.75       6.99683408939556495E+046
   339524351710079.25       6.97950340763049089E+046
   338757065039548.00       6.76860066517242269E+046
   337993238511837.63       6.31495834834019624E+046
   337232848773903.25       6.96170753999734192E+046
   336475872682379.38       7.04221835769597963E+046
   335722287301231.81       7.05099558958690028E+046
   334972069899441.31       7.05969679264208088E+046
   334225197948717.94       7.05780655295917223E+046
   333481649121245.81       6.99306033051931748E+046
   332741401287458.38       6.40452223822706815E+046
   332004432513842.75       6.73772015084012245E+046
   331270721060773.50       7.05244523429021590E+046
   330540245380374.88       7.06770044568468349E+046
   329812984114411.44       7.05742600431756970E+046
   329088916092206.38       7.10142992957722623E+046
   328368020328587.06       7.11806129109493089E+046
   327650276021857.94       7.12495517230073811E+046
   326935662551799.38       7.11797516568753608E+046
   326224159477693.13       7.10684442319306606E+046
   325515746536373.50       6.96931100231013932E+046
   324810403640303.38       6.36181256635332882E+046
   324108110875675.69       6.94143571286442286E+046
   323408848500539.38       7.09108299607843761E+046
   322712596942949.44       7.14793461838763839E+046
   322019336799140.69       7.16167434535206409E+046
   321329048831725.63       7.17295615348862549E+046
   320641713967914.44       7.17381680261858812E+046
   319957313297758.81       7.16889609727969639E+046
   319275828072417.44       7.18700940651262883E+046
   318597239702444.19       7.15501218129522116E+046
   317921529756097.56       7.19585232649816014E+046
   317248679957671.94       7.19069044324367288E+046
   316578672185850.06       7.19461203016533036E+046
   315911488472075.88       7.19956330844559969E+046
   315247110998948.50       7.16228955898549422E+046
   314585522098635.88       7.01787435180115019E+046
   313926704251308.88       6.46502552930017826E+046
   313270640083594.56       7.07795108449494332E+046
   312617312367049.00       7.20121327448220045E+046
   311966704016649.31       7.21557264126683685E+046
   311318798089304.25       7.21831932611182324E+046
   310673577782383.44       7.22731075219401296E+046
   310031026432264.75       7.23146468924341096E+046
   309391127512899.88       7.25364921775296380E+046
   308753864634397.50       7.25143738003206273E+046
   308119221541623.88       7.26062394006976172E+046
   307487182112820.50       7.26000970557075147E+046
   306857730358239.50       7.27089818547869762E+046
   306230850418794.69       7.26700882758553798E+046
   305606526564729.88       7.28702802892531831E+046
   304984743194303.13       7.29318672932884516E+046
   304365484832487.31       7.29785926362547241E+046
   303748736129685.94       7.29650149707339728E+046
   303134481860465.13       7.29849885335289621E+046
   302522706922300.69       7.30666106705149807E+046
   301913396334340.38       7.31428556128534997E+046
   301306535236180.88       7.31955658023416687E+046
   300702108886660.00       7.32235449139801650E+046
   300100102662662.69       7.31817740473449727E+046
   299052371630922.69       7.15638955458009803E+046
   297568240754342.44       7.07125999204537391E+046
   296098767960493.81       7.34190346547268261E+046
   294643737159705.19       7.36374325554431298E+046
   293202936488997.56       7.37961799842484589E+046
   291776158209245.75       7.40012685261054761E+046
   290363198605326.88       7.39132521977074510E+046
   288963857889156.63       7.41183986226138750E+046
   287577940105515.56       7.43332857260003300E+046
   286205253040572.81       7.43609004649467971E+046
   284845608133016.63       7.45812821297057029E+046
   283498820387706.88       7.46466002037129374E+046
   282164708291764.69       7.47169074437035581E+046
   280843093733021.06       7.46324298670093278E+046
   279533801920745.91       7.49399608807201517E+046
   278236661308584.69       7.49977131060295250E+046
   276951503519630.50       7.48150424475046642E+046
   275678163273563.22       7.50664166639802181E+046
   274416478315789.47       7.19503203657240560E+046
   273166289348519.38       7.45463348460521668E+046
   271927439963718.81       7.56321266504649399E+046
   270699776577878.09       7.58999260539440376E+046
   269483148368539.31       7.59826934379069524E+046
   268277407212527.97       7.60675727469576356E+046
   267082407625835.19       7.62648238432705669E+046
   265898006705099.78       7.62242966441691296E+046
   264724064070640.19       7.63936854728327013E+046
   263560441810989.00       7.65235333902463169E+046
   262407004428884.03       7.65288568128164435E+046
   261263618788671.03       7.68672866573643755E+046
   260130154065075.94       7.69864651729471856E+046
   259006481693304.53       7.70584044033099180E+046
   257892475320430.09       7.69447651549171023E+046
   256788010758029.97       7.71796303548128584E+046
   255692965936034.13       7.74747742257228887E+046
   254607220857749.47       7.73672171880932794E+046
   253530657556025.38       7.75235597936701935E+046
   252463160050526.31       7.74774185795195515E+046
   251404614306079.66       7.79405716281457218E+046
   250354908192066.81       7.76163936031235681E+046
   249313931442827.44       7.80712616621557352E+046
   248281575619047.63       7.81016904263457756E+046
   247257734070103.09       7.83309535106163824E+046
   246242301897330.59       7.85204157921731020E+046
   245235175918200.41       7.86247258318839053E+046
   244236254631364.56       7.86862768733774022E+046
   243245438182555.78       7.88479745639190204E+046
   242262628331313.13       7.89476917903919045E+046
   241287728418511.06       7.90761977760133046E+046
   240320643334669.34       7.92036491493769266E+046
   239361279489021.97       7.92756073149868200E+046
   238409544779324.06       7.93972597495223018E+046
   237465348562376.25       7.95023588254645325E+046
   236528601625246.56       7.96076235872370521E+046
   235599216157170.94       7.97156275048286963E+046
   234677105722113.50       7.93976621989374861E+046
   233762185231968.81       7.64172008782068982E+046
   232854370920388.34       7.97715618631861381E+046
   231953580317214.69       8.01131617575634801E+046
   231059732223506.75       8.02860900950446090E+046
   230172746687140.13       8.04225145398446268E+046
   229292544978967.50       8.05754288826625107E+046
   228419049569523.81       8.05911960943326229E+046
   227552184106261.88       8.06659181742898310E+046
   226691873391304.34       8.08960114473995215E+046
   225838043359698.69       8.08570331406411795E+046
   224990621058161.34       8.10879958624252366E+046
   224149534624299.06       8.11763814013249869E+046
   223314713266294.22       8.13756544153524400E+046
   222486087243042.66       8.14864162262201649E+046
   221663587844731.97       8.16004038890489109E+046
   220847147373849.00       8.15969734699954507E+046
   220036699126605.50       8.16828530147715270E+046
   219232177374771.47       8.18868095081204213E+046
   218433517347905.28       8.19927094870523407E+046
   217640655215970.97       8.21336759473596679E+046
   216853528072332.72       8.22641709206678344E+046
   216072073917117.13       8.23056626488820877E+046
   215296231640933.56       8.25271474620961298E+046
   214525941008944.53       8.26520998726365305E+046
   213761142645276.28       8.26399427696007790E+046
   213001778017762.00       8.28859592611424349E+046
   212247789423008.84       8.29042793370622005E+046
   211499119971781.31       8.31354245265175940E+046
   210755713574692.44       8.30585670798381219E+046
   210017514928196.16       8.31247831869729703E+046
   209284469500872.59       8.34246325720084954E+046
   208556523520000.00       8.36217258930887586E+046
   207833623958405.53       8.33392876424565438E+046
   207115718521588.94       8.38442693342593707E+046
   206402755635111.88       8.37043351088819413E+046
   205765272862045.31       8.39238065982592660E+046
   205061561258549.94       7.88278025783603981E+046
   204293017076661.00       7.90273009103585093E+046
   203599322621392.19       7.89913102777396883E+046
   202910323221658.22       7.91982998795917472E+046
   202225971372681.28       7.93117924278034561E+046
   201546220208403.38       7.91567935832151375E+046
   200871023490787.28       7.95315778135621493E+046
   200200335599332.22       7.95646165816044749E+046
   199534111520798.66       7.93078999271964604E+046
   198872306839137.66       7.94488914888575459E+046
   198214877725619.84       7.99694525344013986E+046
   197561780929159.81       8.02435384476234358E+046
   196912973766830.88       8.08034040807775989E+046
   196268414114566.28       8.02796384255078836E+046
   195628060398042.41       8.06032741865368786E+046
   194991871583739.84       8.14996723320547699E+046
   194359807170178.28       8.07258483419039996E+046
   193731827179321.50       8.20507191346735562E+046
   193107892148148.16       8.22440044521957190E+046
   192487963120385.22       8.06823619811229022E+046
   191872001638400.00       8.30500948401070587E+046
   191259969735247.22       8.22930909868017346E+046
   190651829926868.03       8.13724927381381113E+046
   190047545204437.41       8.30440796400354382E+046
   189447079026856.25       8.34137296597323415E+046
   188850395313385.81       8.06984932869157717E+046
   188257458436420.72       8.35776853241150198E+046
   187668233214397.50       8.40971259553270704E+046
   186791278853582.56       8.40074609030281700E+046
   185634676507739.94       8.29981057206505509E+046
   184492309267692.31       8.48306186339892707E+046
   183363915938837.91       8.45576662046917758E+046
   182249241677811.56       8.31333240434551006E+046
   181148037800604.22       8.50833736091008059E+046
   180060061597597.59       8.48974901994241994E+046
   178985076155223.88       8.44056319971426330E+046
   177922850183976.25       8.30547089849874926E+046
   176873157852507.38       8.49375118107866673E+046
   175835778627565.97       8.46786700124842291E+046
   174810497119533.53       8.47755998948653687E+046
   173797102933333.34       8.46125992938443117E+046
   172795390524495.69       8.25585765613493293E+046
   171805159060171.91       8.43923494409972497E+046
   170826212284900.28       8.45958061421943988E+046
   169858358390934.84       8.45741190749432325E+046
   168901409892957.75       8.45404373767127797E+046
   167955183507002.81       8.45459392206344987E+046
   167019500033426.19       8.45295024972707122E+046
   166094184243767.31       8.43987060021450164E+046
   165179064771349.88       8.26135042253102203E+046
   164273974005479.44       8.40308220128453448E+046
   163378747989100.81       8.43505060864863602E+046
   162493226319783.19       8.42264406779461257E+046
   161617252053908.34       8.42942475938410564E+046
   160750671613941.03       8.40728836619211142E+046
   159893334698666.66       8.20277625336735075E+046
   159045094196286.47       8.41066935264661440E+046
   158205806100263.84       8.38862168754668198E+046
   157375329427821.53       8.41768390283665088E+046
   156553526140992.16       8.41351452960715243E+046
   155740261070129.88       8.41323267583399010E+046
   154935401839793.28       8.38940212604643133E+046
   154138818796915.16       8.21002688215871965E+046
   153350384941176.47       8.38764179573179500E+046
   152569975857506.38       8.39834570162247000E+046
   151797469650632.91       8.38533743496361686E+046
   151032746881612.09       8.39238158158042196E+046
   150275690506265.66       8.39142770062835984E+046
   149526185815461.34       8.39913186754795093E+046
   148784120377171.22       8.39936810725688237E+046
   148049383980246.91       8.38701741994459383E+046
   147321868579852.59       8.37792227033225163E+046
   146601468244498.78       8.39117901131599566E+046
   145888079104622.88       8.38519695540697188E+046
   145181599302663.44       8.37384879963649531E+046
   144481928944578.31       8.37531517087869131E+046
   143788970052757.78       8.37521049170175572E+046
   143102626520286.41       8.36200052413670667E+046
   142422804066508.31       8.37031961015788931E+046
   141749410193853.44       8.36143582310242738E+046
   141082354145882.34       8.35975877580041899E+046
   140421546866510.53       8.35891348185751231E+046
   139766900960372.95       8.35487378197382346E+046
   139118330654292.34       8.34367058697410781E+046
   138475751759815.25       8.18012324664101562E+046
   137839081636781.61       8.32044980863114666E+046
   137208239157894.73       8.32600288920853426E+046
   136583144674259.69       8.33033790830471765E+046
   135963719981859.41       8.31148787833186569E+046
   135349888288939.05       8.31750062005479429E+046
   134741574184269.66       8.30626429553908636E+046
   134138703606263.98       8.30214224145646634E+046
   133541203812917.59       8.29740263655115633E+046
   132949003352549.89       8.28839251624073449E+046
   132362032035320.09       8.28138358685037645E+046
   131780220905494.50       8.27663306794208541E+046
   131203502214442.02       7.83698128122197996E+046
   130631809394335.52       7.62089255002148393E+046
   130065077032537.97       7.74437384512808979E+046
   129503240846652.27       7.76272607331824651E+046
   128946237660215.05       7.55549093596453193E+046
   128394005379014.98       7.69909633450165415E+046
   127846482968017.06       7.73518910438061561E+046
   127303610428874.73       7.52623621724492298E+046
   126765328778012.69       7.67225232110041207E+046
   126231580025263.16       7.71429134076681280E+046
   125702307153039.83       7.52757203680381868E+046
   125177454096033.41       7.65306787245706903E+046
   124656965721413.72       7.70101050215367355E+046
   124140787809523.81       7.55498394885021328E+046
   123628867035051.55       7.67662367436128571E+046
   123121150948665.30       7.69764846511567868E+046
   122617587959100.20       7.61285047637976352E+046
   122118127315682.28       7.66096522906239477E+046
   121622719091277.89       7.72484372365796368E+046
   121131314165656.56       7.68326847910492074E+046
   120643864209255.53       7.67802109559796362E+046
   120160321667334.67       7.68789180140354040E+046
   119680639744510.98       7.80858320471698433E+046
   119204772389662.03       7.70385578347884805E+046
   118732674281188.13       7.70147098769702828E+046
   118264300812623.28       7.79833591915094195E+046
   117799608078585.47       7.78448869636489249E+046
   117338552861056.75       7.78573097197146858E+046
   116881092615984.41       7.73053296076385095E+046
   116427185460194.17       7.83528627346665080E+046
   115976790158607.34       7.79201507344859267E+046
   115529866111753.38       7.83604240149729986E+046
   115086373343570.06       7.83431737876217376E+046
   114646272489483.75       7.75345492785102404E+046
   114209524784761.91       7.71787697249360491E+046
   113776092053130.94       7.85717271219890720E+046
   113345936695652.17       7.88449514002052047E+046
   112919021679849.34       7.87869946762732779E+046
   112495310529080.67       7.86024539363957778E+046
   112074767312149.53       7.81281481454412156E+046
   111657356633147.11       7.90576945192619023E+046
   111243043621521.33       7.91072033681187207E+046
   110831793922365.98       7.92687698089043290E+046
   110423573686924.50       7.93348063629250117E+046
   110018349563302.75       7.94389054041748667E+046
   109616088687385.73       7.93735065159663122E+046
   109216758673952.64       7.94627667365580076E+046
   108820327607985.48       7.86686507436576534E+046
   108426764036166.36       7.93179298379971018E+046
   108036036958558.56       7.96084435106578823E+046
   107648115820466.78       7.96940947542356206E+046
   107262970504472.27       7.98164823462594171E+046
   106880571322638.14       7.98297143092250905E+046
   106500889008881.00       7.98385947275330523E+046
   106123894711504.42       7.98859935568064744E+046
   105749559985890.66       7.99566332909977534E+046
   105377856787346.22       7.99660787079224931E+046
   105008757464098.08       7.99689731757694962E+046
   104642234750436.30       7.98250728982393931E+046
   104278261760000.00       7.89901938194633218E+046
   103916811979202.77       8.00116826527099775E+046
   103557859260794.47       8.01066003774079280E+046
   103201377817555.94       8.01220690211257419E+046
   102847342216123.50       8.01580578778870870E+046
   102495727370940.17       8.01454197580873907E+046
   102146508538330.50       8.02099064417984914E+046
   101799661310696.09       8.01754678760305444E+046
   101455161610829.11       8.02120442127208513E+046
   101112985686340.64       8.02445837769859918E+046
   100773110104201.69       8.02534351169626937E+046
   100435511745393.64       8.02670250114285482E+046
   100100167799666.11       8.02737661708016701E+046
   99767055760399.328       8.02758682367315407E+046
   99436153419568.828       8.02883003862550113E+046
   99107438862809.922       8.02481840167858388E+046
   98780890464579.906       7.94197931519035541E+046
   98456486883415.438       7.99018754483399304E+046
   98134207057283.141       8.02593233649053683E+046
   97814030199021.203       8.02748857896928414E+046
   97495935791869.922       8.02975700936156711E+046
   97179903585089.141       8.02791963752799207E+046
   96865913589660.750       8.02725228360906956E+046
   96553946074074.078       8.02860045025727688E+046
   96243981560192.609       8.01825974577993663E+046
   95936000819200.000       8.02582354560159202E+046
   95629984867623.609       8.02581781623912053E+046
   95325914963434.016       8.02415590831008112E+046
   95023772602218.703       8.01851250254526389E+046
   94723539513428.125       8.02104007184722667E+046
   94425197656692.906       8.02071327005690120E+046
   94128729218210.359       8.01952931182625427E+046
   93834116607198.750       8.01817177963276324E+046
   93395639426791.281       8.01392222982825671E+046
   92817338253869.969       8.00967509747638976E+046
   92246154633846.156       8.00379122748504573E+046
   91681957969418.953       7.99679082308972533E+046
   91124620838905.781       7.57301380548809748E+046
   90574018900302.109       7.63216049392079435E+046
   90030030798798.797       7.65307054804755404E+046
   89492538077611.938       7.66962128558199592E+046
   88961425091988.125       7.68169723520734980E+046
   88436578926253.688       7.69219896535845241E+046
   87917889313782.984       7.70541174289330746E+046
   87405248559766.766       7.72236280685350512E+046
   86898551466666.672       7.73532680456059545E+046
   86397695262247.844       7.74851062614168980E+046
   85902579530085.953       7.76138180528167281E+046
   85413106142450.141       7.77626935508715351E+046
   84929179195467.422       7.78876863649462332E+046
   84450704946478.875       7.80156714024723023E+046
   83977591753501.406       7.81219143935018743E+046
   83509750016713.094       7.83709543765336398E+046
   83047092121883.656       7.83843362269864297E+046
   82589532385674.938       7.86737775942992819E+046
   82136987002739.719       7.86134625759649335E+046
   81689373994550.406       7.89320904347277448E+046
   81246613159891.594       7.88209691330296097E+046
   80808626026954.172       7.91581618021533058E+046
   80375335806970.516       7.91231349052876148E+046
   79946667349333.328       7.88605662908946462E+046
   79522547098143.234       7.95888731096850787E+046
   79102903050131.922       7.97393699036941701E+046
   78687664713910.766       7.96918570809115490E+046
   78276763070496.078       7.98842002665745702E+046
   77870130535064.938       8.01434287210988154E+046
   77467700919896.641       8.02528771276870702E+046
   77069409398457.578       8.03432995360774867E+046
   76675192470588.234       8.01854788420047138E+046
   76284987928753.188       8.06095028559098847E+046
   75898734825316.453       8.07191905187808007E+046
   75516373440806.047       8.08418857398325309E+046
   75137845253132.828       8.09100019933615628E+046
   74763092907730.672       8.08997641697567318E+046
   74392060188585.609       8.09129234629458747E+046
   74024691990123.453       8.07830562322565889E+046
   73660934289926.297       8.13264684731287100E+046
   73300734122249.391       8.14436152878935223E+046
   72944039552311.438       8.15447802580665205E+046
   72590799651331.719       8.16247567976975981E+046
   72240964472289.156       8.16828736039344942E+046
   71894485026378.891       8.14292981880248962E+046
   71551313260143.203       8.18296081745195505E+046
   71211402033254.156       8.18818054556662437E+046
   70874705096926.719       8.20052131386695197E+046
   70541177072941.172       8.20400264861117761E+046
   70210773433255.266       8.21217183079891059E+046
   69883450480186.477       8.14594114191975028E+046
   69559165327146.172       8.10038927975001213E+046
   69237875879907.625       8.14910226280956362E+046
   68919540818390.805       8.07582794244112108E+046
   68604119578947.367       8.04438056281681259E+046
   68291572337129.844       8.07687625298370667E+046
   67981859990929.703       8.00819691631426397E+046
   67674944144469.523       8.03560626051180284E+046
   67370787092134.828       8.02832211332418107E+046
   67069351803131.992       7.65472949141261249E+046
   66770601906458.797       7.75112833196393467E+046
   66474501676274.945       7.77789545602838321E+046
   66181016017660.047       7.77837522497943443E+046
   65890110452747.250       7.85750958371111777E+046
   65601751107221.008       7.91535473855257000E+046
   65315904697167.758       7.90704168804726461E+046
   65032538516268.984       8.00300574468312744E+046
   64751620423326.133       8.03956963944038702E+046
   64473118830107.523       8.06070640489636728E+046
   64197002689507.492       8.12231795696624495E+046
   63923241484008.531       8.20667196072120802E+046
   63651805214437.367       8.25323024650109373E+046
   63382664389006.344       8.33948452965489964E+046
   63115790012631.578       8.38057220894932422E+046
   62851153576519.914       8.43841439245577267E+046
   62588727048016.703       8.49682463680015762E+046
   62328482860706.859       8.53507897618643782E+046
   62070393904761.906       8.62757185971039694E+046
   61814433517525.773       8.67585530966673111E+046
   61560575474332.648       8.72158953150635061E+046
   61308793979550.102       8.78936772626537852E+046
   61059063657841.141       8.84354778688423245E+046
   60811359545638.945       8.90412395980003431E+046
   60565657082828.281       8.96264745374326226E+046
   60321932104627.766       9.03091569905307580E+046
   60080160833667.336       9.09177575153860189E+046
   59840319872255.492       9.16241763120721002E+046
   59602386194831.016       9.22552509538857429E+046
   59366337140594.063       9.27201130892749418E+046
   59132150406311.641       9.34329662856128527E+046
   58899804039292.734       9.41634821178833889E+046
   58669276430528.375       9.46879756329737542E+046
   58440546307992.203       9.51146973473193085E+046
   58213592730097.086       9.60833445272796103E+046
   57988395079303.672       9.69870433882653805E+046
   57764933055876.688       9.75144393746132440E+046
   57543186671785.031       9.82087432098384903E+046
   57323136244741.875       9.88997542509410411E+046
   57104762392380.953       9.97060663018849721E+046
   56888046026565.469       1.00567806716251778E+047
   56672968347826.086       1.01040279316252816E+047
   56459510839924.672       1.01790928002888351E+047
   56247655264540.336       1.02585128705975058E+047
   56037383656074.766       1.03340848467878221E+047
   55828678316573.555       1.04120000390916422E+047
   55621521810760.664       1.04899212148996376E+047
   55415896961182.992       1.05643454485974139E+047
   55211786843462.250       1.06308751611376780E+047
   55009174781651.375       1.07211869912752641E+047
   54808044343692.867       1.07954535119198127E+047
   54608379336976.320       1.08732128480058415E+047
   54410163803992.742       1.09519245641969890E+047
   54213382018083.180       1.10537287179547500E+047
   54018018479279.281       1.11085705921423229E+047
   53824057910233.391       1.12105834722715898E+047
   53631485252236.133       1.12821523473612047E+047
   53440285661319.070       1.13700152977920137E+047
   53250444504440.500       1.14442179949319729E+047
   53061947355752.211       1.15402903335666361E+047
   52874779992945.328       1.16232744665628422E+047
   52688928393673.109       1.16980226819249405E+047
   52504378732049.039       1.17967904104164661E+047
   52321117375218.148       1.18818991433232950E+047
   52139130880000.000       1.19696175775434606E+047
   51958405989601.383       1.20537794630456324E+047
   51778929630397.234       1.21506971660766529E+047
   51600688908777.969       1.22330230401573944E+047
   51423671108061.750       1.23243881041772513E+047
   51247863685470.086       1.24185201608904602E+047
   51073254269165.250       1.25038884006555253E+047
   50899830655348.047       1.25950287676524159E+047
   50727580805414.555       1.26608176295618192E+047
   50556492843170.320       1.27835725508947912E+047
   50386555052100.844       1.28769487580655187E+047
   50217755872696.820       1.29762517707668111E+047
   50050083899833.055       1.30708738273007014E+047
   49883527880199.664       1.31675154717747170E+047
   49718076709784.414       1.32629332923962599E+047
   49553719431404.961       1.33550397693251894E+047
   49390445232289.953       1.34538366891954856E+047
   49228243441707.719       1.35531768266835562E+047
   49067103528641.570       1.36495226180221934E+047
   48907015099510.602       1.37517932587068228E+047
   48747967895934.961       1.38531770499344712E+047
   48589951792544.570       1.39571409209396740E+047
   48432956794830.375       1.40591547359323642E+047
   48276973037037.039       1.41629152860151574E+047
   48121990780096.305       1.42640818684605382E+047
   47968000409600.000       1.43648717731904944E+047
   47814992433811.805       1.44704504244829104E+047
   47662957481717.008       1.45757607538804190E+047
   47511886301109.352       1.46816875552823469E+047
   47361769756714.063       1.47920734416501124E+047
   47212598828346.453       1.48966993782382773E+047
   47064364609105.180       1.50094769891769962E+047
   46917058303599.375       1.51128223411256673E+047
   46697819713395.641       1.52801289319115936E+047
   46408669126934.984       1.55013178504076647E+047
   46123077316923.078       1.57273408319046319E+047
   45840978984709.477       1.59543103255984367E+047
   45562310419452.891       1.61865449927003069E+047
   45287009450151.055       1.64192848042451492E+047
   45015015399399.398       1.66563783160724039E+047
   44746269038805.969       1.68971209369637128E+047
   44480712545994.063       1.71391765397452800E+047
   44218289463126.844       1.73850541759229285E+047
   43958944656891.492       1.76338248636686121E+047
   43702624279883.383       1.78864699475757509E+047
   43449275733333.336       1.81408548842217087E+047
   43198847631123.922       1.83990873597869623E+047
   42951289765042.977       1.86607054995335531E+047
   42706553071225.070       1.89247647040614426E+047
   42464589597733.711       1.91928124138043447E+047
   42225352473239.438       1.94631121576618408E+047
   41988795876750.703       1.97374474627726579E+047
   41754875008356.547       2.00146075046168392E+047
   41523546060941.828       2.02950193213890851E+047
   41294766192837.469       2.05786407135637671E+047
   41068493501369.859       2.08656708831121000E+047
   40844686997275.203       2.11557734194332568E+047
   40623306579945.797       2.14497829265412563E+047
   40404313013477.086       2.17456402759326540E+047
   40187667903485.258       2.20304468370193906E+047
   39973333674666.664       2.23349774844064576E+047
   39761273549071.617       2.26565313732815200E+047
   39551451525065.961       2.29675601240449482E+047
   39343832356955.383       2.32815313212527995E+047
   39138381535248.039       2.35988063323441057E+047
   38935065267532.469       2.39192262468898096E+047
   38733850459948.320       2.42433126583010688E+047
   38534704699228.789       2.45707429583050560E+047
   38337596235294.117       2.49016065893576589E+047
   38142493964376.594       2.52358222216684202E+047
   37949367412658.227       2.55735891417041037E+047
   37758186720403.023       2.59150704365244754E+047
   37568922626566.414       2.62600058656682933E+047
   37381546453865.336       2.66083311849923777E+047
   37196030094292.805       2.69604580287956378E+047
   37012345995061.727       2.73161078520705123E+047
   36830467144963.148       2.76750749566333144E+047
   36650367061124.695       2.80380217686020648E+047
   36472019776155.719       2.84042479161978391E+047
   36295399825665.859       2.87744572851536199E+047
   36120482236144.578       2.91484078854010596E+047
   35947242513189.445       2.95248108559598433E+047
   35775656630071.602       2.99060954017302990E+047
   35605701016627.078       3.02910473760444135E+047
   35437352548463.359       3.06790995217425125E+047
   35270588536470.586       3.10713497003859793E+047
   35105386716627.633       3.14670592546385647E+047
   34941725240093.238       3.18664065474405092E+047
   34779582663573.086       3.22697059451222139E+047
   34618937939953.813       3.26765103741410411E+047
   34459770409195.402       3.30874472636547072E+047
   34302059789473.684       3.35020762254827868E+047
   34145786168564.922       3.39202479932325194E+047
   33990929995464.852       3.43426099047879202E+047
   33837472072234.762       3.47685194640494523E+047
   33685393546067.414       3.51982096308303144E+047
   33534675901565.996       3.56322994482332121E+047
   33385300953229.398       3.60697255660260725E+047
   33237250838137.473       3.65112542920638707E+047
   33090508008830.023       3.69567716979427033E+047
   32945055226373.625       3.74059007409588426E+047
   32800875553610.504       3.78592664021408326E+047
   32657952348583.879       3.83167849941222383E+047
   32516269258134.492       3.87779863001569404E+047
   32375810211663.066       3.92429755085604004E+047
   32236559415053.762       3.97120230149343326E+047
   32098501344753.746       4.01850576915483419E+047
   31961620742004.266       4.06626652342456106E+047
   31825902607218.684       4.11436596201200676E+047
   31691332194503.172       4.16287720436348869E+047
   31557895006315.789       4.21186632931467478E+047
   31425576788259.957       4.26119908295405266E+047
   31294363524008.352       4.31092011156586638E+047
   31164241430353.430       4.36108421600030706E+047
   31035196952380.953       4.41163461328987161E+047
   30907216758762.887       4.46265109316489236E+047
   30780287737166.324       4.51399747382841844E+047
   30654396989775.051       4.56581217737742520E+047
   30529531828920.570       4.61803465174540435E+047
   30405679772819.473       4.67072692525299736E+047
   30282828541414.141       4.72377345503943743E+047
   30160966052313.883       4.77723711317562241E+047
   30040080416833.668       4.83121752572328199E+047
   29920159936127.746       4.88552381059978279E+047
   14990000128000.000       3.54999902951966128E+048
   7495000064000.0000       2.51828401666759180E+049
   4996666709333.3330       7.43573262457515834E+049
   3747500032000.0000       1.51072985247312923E+050
   2998000025600.0000       2.45883286848038194E+050
   2498333354666.6665       3.39906694921895550E+050
   2141428589714.2856       4.04817829976863594E+050
   1873750016000.0000       4.02851826954339129E+050
