.10000E+05 52.529
.11000E+06 52.532
.21000E+06 52.537
.31000E+06 52.542
.41000E+06 52.547
.51000E+06 52.552
.61000E+06 52.558
.71000E+06 52.563
.81000E+06 52.568
.91000E+06 52.572
.10100E+07 52.577
.11100E+07 52.583
.12100E+07 52.588
.13100E+07 52.593
.14100E+07 52.598
.15100E+07 52.604
.16100E+07 52.609
.17100E+07 52.615
.18100E+07 52.621
.19100E+07 52.626
.20100E+07 52.633
.21100E+07 52.639
.22100E+07 52.640
.23100E+07 52.639
.24100E+07 52.631
.25100E+07 52.626
.26100E+07 52.627
.27100E+07 52.626
.28100E+07 52.617
.29100E+07 52.598
.30100E+07 52.573
.31100E+07 52.538
.32100E+07 52.507
.33100E+07 52.484
.34100E+07 52.481
.35100E+07 52.462
.36100E+07 52.442
.37100E+07 52.401
.38100E+07 52.365
.39100E+07 52.338
.40100E+07 52.290
.41100E+07 52.271
.42100E+07 52.250
.43100E+07 52.222
.44100E+07 52.194
.45100E+07 52.179
.46100E+07 52.153
.47100E+07 52.127
.48100E+07 52.097
.49100E+07 52.059
.50100E+07 52.033
.51100E+07 51.992
.52100E+07 51.954
.53100E+07 51.931
.54100E+07 51.917
.55100E+07 51.891
.56100E+07 51.873
.57100E+07 51.847
.58100E+07 51.828
.59100E+07 51.807
.60100E+07 51.784
.61100E+07 51.758
.62100E+07 51.735
.63100E+07 51.708
.64100E+07 51.678
.65100E+07 51.626
.66100E+07 51.607
.67100E+07 51.590
.68100E+07 51.573
.69100E+07 51.556
.70100E+07 51.537
.71100E+07 51.520
.72100E+07 51.501
.73100E+07 51.481
.74100E+07 51.460
.75100E+07 51.431
.76100E+07 51.403
.77100E+07 51.375
.78100E+07 51.351
.79100E+07 51.321
.80100E+07 51.301
.81100E+07 51.281
.82100E+07 51.261
.83100E+07 51.237
.84100E+07 51.213
.85100E+07 51.179
.86100E+07 51.145
.87100E+07 51.104
.88100E+07 51.082
.89100E+07 51.059
.90100E+07 51.030
.91100E+07 51.000
.92100E+07 50.973
.93100E+07 50.945
.94100E+07 50.915
.95100E+07 50.892
.96100E+07 50.864
.97100E+07 50.836
.98100E+07 50.812
.99100E+07 50.787
.10010E+08 50.754
.10110E+08 50.736
.10210E+08 50.709
.10310E+08 50.682
.10410E+08 50.655
.10510E+08 50.623
.10610E+08 50.610
.10710E+08 50.584
.10810E+08 50.556
.10910E+08 50.536
.11010E+08 50.513
.11110E+08 50.489
.11210E+08 50.469
.11310E+08 50.446
.11410E+08 50.424
.11510E+08 50.401
.11610E+08 50.381
.11710E+08 50.356
.11810E+08 50.336
.11910E+08 50.312
.12010E+08 50.289
.12110E+08 50.271
.12210E+08 50.252
.12310E+08 50.236
.12410E+08 50.213
.12510E+08 50.196
.12610E+08 50.178
.12710E+08 50.161
.12810E+08 50.144
.12910E+08 50.123
.13010E+08 50.106
.13110E+08 50.089
.13210E+08 50.069
.13310E+08 50.048
.13410E+08 50.030
.13510E+08 50.013
.13610E+08 49.989
.13710E+08 49.974
.13810E+08 49.960
.13910E+08 49.939
.14010E+08 49.928
.14110E+08 49.916
.14210E+08 49.898
.14310E+08 49.884
.14410E+08 49.872
.14510E+08 49.855
.14610E+08 49.837
.14710E+08 49.825
.14810E+08 49.812
.14910E+08 49.801
.15010E+08 49.779
.15110E+08 49.771
.15210E+08 49.751
.15310E+08 49.740
.15410E+08 49.722
.15510E+08 49.711
.15610E+08 49.692
.15710E+08 49.682
.15810E+08 49.670
.15910E+08 49.659
.16010E+08 49.642
.16110E+08 49.637
.16210E+08 49.620
.16310E+08 49.611
.16410E+08 49.594
.16510E+08 49.589
.16610E+08 49.575
.16710E+08 49.564
.16810E+08 49.552
.16910E+08 49.542
.17010E+08 49.527
.17110E+08 49.518
.17210E+08 49.504
.17310E+08 49.489
.17410E+08 49.481
.17510E+08 49.466
.17610E+08 49.458
.17710E+08 49.443
.17810E+08 49.435
.17910E+08 49.422
.18010E+08 49.408
.18110E+08 49.404
.18210E+08 49.392
.18310E+08 49.384
.18410E+08 49.374
.18510E+08 49.361
.18610E+08 49.354
.18710E+08 49.342
.18810E+08 49.333
.18910E+08 49.324
.19010E+08 49.313
.19110E+08 49.302
.19210E+08 49.293
.19310E+08 49.282
.19410E+08 49.277
.19510E+08 49.267
.19610E+08 49.255
.19710E+08 49.244
.19810E+08 49.234
.19910E+08 49.222
.20010E+08 49.218
.20110E+08 49.208
.20210E+08 49.194
.20310E+08 49.189
.20410E+08 49.178
.20510E+08 49.166
.20610E+08 49.161
.20710E+08 49.151
.20810E+08 49.137
.20910E+08 49.130
.21010E+08 49.127
.21110E+08 49.117
.21210E+08 49.108
.21310E+08 49.105
.21410E+08 49.095
.21510E+08 49.085
.21610E+08 49.077
.21710E+08 49.071
.21810E+08 49.062
.21910E+08 49.053
.22010E+08 49.048
.22110E+08 49.038
.22210E+08 49.030
.22310E+08 49.020
.22410E+08 49.018
.22510E+08 49.008
.22610E+08 48.999
.22710E+08 48.988
.22810E+08 48.985
.22910E+08 48.976
.23010E+08 48.965
.23110E+08 48.963
.23210E+08 48.954
.23310E+08 48.946
.23410E+08 48.934
.23510E+08 48.930
.23610E+08 48.922
.23710E+08 48.913
.23810E+08 48.905
.23910E+08 48.900
.24010E+08 48.891
.24110E+08 48.881
.24210E+08 48.872
.24310E+08 48.867
.24410E+08 48.866
.24510E+08 48.857
.24610E+08 48.852
.24710E+08 48.844
.24810E+08 48.840
.24910E+08 48.832
.25010E+08 48.824
.25110E+08 48.818
.25210E+08 48.810
.25310E+08 48.809
.25410E+08 48.800
.25510E+08 48.794
.25610E+08 48.785
.25710E+08 48.783
.25810E+08 48.776
.25910E+08 48.767
.26010E+08 48.760
.26110E+08 48.755
.26210E+08 48.753
.26310E+08 48.744
.26410E+08 48.738
.26510E+08 48.730
.26610E+08 48.723
.26710E+08 48.718
.26810E+08 48.710
.26910E+08 48.703
.27010E+08 48.697
.27110E+08 48.690
.27210E+08 48.681
.27310E+08 48.677
.27410E+08 48.671
.27510E+08 48.664
.27610E+08 48.655
.27710E+08 48.649
.27810E+08 48.647
.27910E+08 48.641
.28010E+08 48.634
.28110E+08 48.627
.28210E+08 48.617
.28310E+08 48.617
.28410E+08 48.609
.28510E+08 48.606
.28610E+08 48.599
.28710E+08 48.593
.28810E+08 48.586
.28910E+08 48.586
.29010E+08 48.580
.29110E+08 48.573
.29210E+08 48.565
.29310E+08 48.559
.29410E+08 48.554
.29510E+08 48.552
.29610E+08 48.545
.29710E+08 48.541
.29810E+08 48.534
.29910E+08 48.529
.30010E+08 48.521
.30110E+08 48.524
.30210E+08 48.516
.30310E+08 48.512
.30410E+08 48.502
.30510E+08 48.496
.30610E+08 48.491
.30710E+08 48.488
.30810E+08 48.484
.30910E+08 48.478
.31010E+08 48.472
.31110E+08 48.464
.31210E+08 48.460
.31310E+08 48.455
.31410E+08 48.453
.31510E+08 48.446
.31610E+08 48.439
.31710E+08 48.433
.31810E+08 48.428
.31910E+08 48.421
.32010E+08 48.417
.32110E+08 48.417
.32210E+08 48.407
.32310E+08 48.402
.32410E+08 48.397
.32510E+08 48.391
.32610E+08 48.385
.32710E+08 48.384
.32810E+08 48.375
.32910E+08 48.372
.33010E+08 48.366
.33110E+08 48.361
.33210E+08 48.354
.33310E+08 48.349
.33410E+08 48.345
.33510E+08 48.342
.33610E+08 48.337
.33710E+08 48.330
.33810E+08 48.327
.33910E+08 48.322
.34010E+08 48.319
.34110E+08 48.314
.34210E+08 48.310
.34310E+08 48.309
.34410E+08 48.305
.34510E+08 48.300
.34610E+08 48.294
.34710E+08 48.288
.34810E+08 48.284
.34910E+08 48.278
.35010E+08 48.281
.35110E+08 48.273
.35210E+08 48.268
.35310E+08 48.264
.35410E+08 48.257
.35510E+08 48.256
.35610E+08 48.251
.35710E+08 48.242
.35810E+08 48.241
.35910E+08 48.240
.36010E+08 48.235
.36110E+08 48.230
.36210E+08 48.225
.36310E+08 48.219
.36410E+08 48.214
.36510E+08 48.214
.36610E+08 48.207
.36710E+08 48.203
.36810E+08 48.204
.36910E+08 48.196
.37010E+08 48.195
.37110E+08 48.188
.37210E+08 48.177
.37310E+08 48.175
.37410E+08 48.173
.37510E+08 48.169
.37610E+08 48.170
.37710E+08 48.161
.37810E+08 48.155
.37910E+08 48.152
.38010E+08 48.144
.38110E+08 48.141
.38210E+08 48.138
.38310E+08 48.134
.38410E+08 48.131
.38510E+08 48.129
.38610E+08 48.124
.38710E+08 48.118
.38810E+08 48.112
.38910E+08 48.107
.39010E+08 48.102
.39110E+08 48.099
.39210E+08 48.095
.39310E+08 48.089
.39410E+08 48.088
.39510E+08 48.083
.39610E+08 48.077
.39710E+08 48.077
.39810E+08 48.070
.39910E+08 48.068
.40010E+08 48.062
.40110E+08 48.058
.40210E+08 48.055
.40310E+08 48.052
.40410E+08 48.050
.40510E+08 48.047
.40610E+08 48.044
.40710E+08 48.039
.40810E+08 48.036
.40910E+08 48.034
.41010E+08 48.028
.41110E+08 48.026
.41210E+08 48.022
.41310E+08 48.020
.41410E+08 48.017
.41510E+08 48.013
.41610E+08 48.007
.41710E+08 48.004
.41810E+08 48.001
.41910E+08 47.996
.42010E+08 47.992
.42110E+08 47.990
.42210E+08 47.986
.42310E+08 47.982
.42410E+08 47.978
.42510E+08 47.973
.42610E+08 47.971
.42710E+08 47.969
.42810E+08 47.965
.42910E+08 47.965
.43010E+08 47.959
.43110E+08 47.955
.43210E+08 47.949
.43310E+08 47.950
.43410E+08 47.943
.43510E+08 47.941
.43610E+08 47.938
.43710E+08 47.937
.43810E+08 47.931
.43910E+08 47.928
.44010E+08 47.925
.44110E+08 47.923
.44210E+08 47.921
.44310E+08 47.913
.44410E+08 47.911
.44510E+08 47.910
.44610E+08 47.901
.44710E+08 47.900
.44810E+08 47.897
.44910E+08 47.894
.45010E+08 47.891
.45110E+08 47.886
.45210E+08 47.881
.45310E+08 47.877
.45410E+08 47.874
.45510E+08 47.871
.45610E+08 47.867
.45710E+08 47.863
.45810E+08 47.861
.45910E+08 47.854
.46010E+08 47.853
.46110E+08 47.850
.46210E+08 47.844
.46310E+08 47.842
.46410E+08 47.840
.46510E+08 47.836
.46610E+08 47.833
.46710E+08 47.830
.46810E+08 47.827
.46910E+08 47.822
.47010E+08 47.819
.47110E+08 47.817
.47210E+08 47.811
.47310E+08 47.810
.47410E+08 47.803
.47510E+08 47.801
.47610E+08 47.797
.47710E+08 47.795
.47810E+08 47.788
.47910E+08 47.785
.48010E+08 47.783
.48110E+08 47.779
.48210E+08 47.774
.48310E+08 47.773
.48410E+08 47.770
.48510E+08 47.772
.48610E+08 47.767
.48710E+08 47.765
.48810E+08 47.763
.48910E+08 47.760
.49010E+08 47.758
.49110E+08 47.754
.49210E+08 47.753
.49310E+08 47.751
.49410E+08 47.747
.49510E+08 47.741
.49610E+08 47.740
.49710E+08 47.740
.49810E+08 47.735
.49910E+08 47.729
.50010E+08 47.727
.50110E+08 47.724
.50210E+08 47.721
.50310E+08 47.717
.50410E+08 47.713
.50510E+08 47.713
.50610E+08 47.712
.50710E+08 47.711
.50810E+08 47.709
.50910E+08 47.705
.51010E+08 47.700
.51110E+08 47.698
.51210E+08 47.693
.51310E+08 47.692
.51410E+08 47.687
.51510E+08 47.684
.51610E+08 47.682
.51710E+08 47.679
.51810E+08 47.676
.51910E+08 47.673
.52010E+08 47.669
.52110E+08 47.671
.52210E+08 47.663
.52310E+08 47.661
.52410E+08 47.660
.52510E+08 47.660
.52610E+08 47.661
.52710E+08 47.652
.52810E+08 47.650
.52910E+08 47.646
.53010E+08 47.644
.53110E+08 47.641
.53210E+08 47.641
.53310E+08 47.634
.53410E+08 47.631
.53510E+08 47.628
.53610E+08 47.628
.53710E+08 47.623
.53810E+08 47.626
.53910E+08 47.618
.54010E+08 47.618
.54110E+08 47.612
.54210E+08 47.607
.54310E+08 47.605
.54410E+08 47.602
.54510E+08 47.600
.54610E+08 47.597
.54710E+08 47.594
.54810E+08 47.595
.54910E+08 47.591
.55010E+08 47.588
.55110E+08 47.583
.55210E+08 47.582
.55310E+08 47.578
.55410E+08 47.580
.55510E+08 47.574
.55610E+08 47.569
.55710E+08 47.568
.55810E+08 47.566
.55910E+08 47.560
.56010E+08 47.557
.56110E+08 47.555
.56210E+08 47.552
.56310E+08 47.550
.56410E+08 47.546
.56510E+08 47.545
.56610E+08 47.540
.56710E+08 47.538
.56810E+08 47.533
.56910E+08 47.532
.57010E+08 47.529
.57110E+08 47.528
.57210E+08 47.525
.57310E+08 47.522
.57410E+08 47.521
.57510E+08 47.516
.57610E+08 47.513
.57710E+08 47.511
.57810E+08 47.509
.57910E+08 47.506
.58010E+08 47.504
.58110E+08 47.501
.58210E+08 47.498
.58310E+08 47.495
.58410E+08 47.491
.58510E+08 47.488
.58610E+08 47.487
.58710E+08 47.484
.58810E+08 47.486
.58910E+08 47.473
.59010E+08 47.472
.59110E+08 47.470
.59210E+08 47.466
.59310E+08 47.470
.59410E+08 47.467
.59510E+08 47.466
.59610E+08 47.464
.59710E+08 47.463
.59810E+08 47.461
.59910E+08 47.458
.60010E+08 47.459
.60110E+08 47.453
.60210E+08 47.450
.60310E+08 47.448
.60410E+08 47.446
.60510E+08 47.444
.60610E+08 47.440
.60710E+08 47.438
.60810E+08 47.436
.60910E+08 47.434
.61010E+08 47.430
.61110E+08 47.430
.61210E+08 47.424
.61310E+08 47.422
.61410E+08 47.420
.61510E+08 47.417
.61610E+08 47.414
.61710E+08 47.412
.61810E+08 47.411
.61910E+08 47.410
.62010E+08 47.408
.62110E+08 47.406
.62210E+08 47.408
.62310E+08 47.401
.62410E+08 47.398
.62510E+08 47.396
.62610E+08 47.394
.62710E+08 47.392
.62810E+08 47.390
.62910E+08 47.387
.63010E+08 47.384
.63110E+08 47.381
.63210E+08 47.378
.63310E+08 47.377
.63410E+08 47.375
.63510E+08 47.372
.63610E+08 47.371
.63710E+08 47.368
.63810E+08 47.366
.63910E+08 47.363
.64010E+08 47.361
.64110E+08 47.359
.64210E+08 47.356
.64310E+08 47.354
.64410E+08 47.359
.64510E+08 47.350
.64610E+08 47.351
.64710E+08 47.347
.64810E+08 47.348
.64910E+08 47.346
.65010E+08 47.343
.65110E+08 47.338
.65210E+08 47.337
.65310E+08 47.333
.65410E+08 47.331
.65510E+08 47.328
.65610E+08 47.326
.65710E+08 47.324
.65810E+08 47.321
.65910E+08 47.317
.66010E+08 47.316
.66110E+08 47.317
.66210E+08 47.312
.66310E+08 47.309
.66410E+08 47.308
.66510E+08 47.303
.66610E+08 47.302
.66710E+08 47.303
.66810E+08 47.306
.66910E+08 47.301
.67010E+08 47.299
.67110E+08 47.291
.67210E+08 47.289
.67310E+08 47.287
.67410E+08 47.286
.67510E+08 47.284
.67610E+08 47.281
.67710E+08 47.280
.67810E+08 47.277
.67910E+08 47.275
.68010E+08 47.273
.68110E+08 47.268
.68210E+08 47.266
.68310E+08 47.264
.68410E+08 47.262
.68510E+08 47.259
.68610E+08 47.257
.68710E+08 47.255
.68810E+08 47.253
.68910E+08 47.250
.69010E+08 47.247
.69110E+08 47.246
.69210E+08 47.244
.69310E+08 47.241
.69410E+08 47.239
.69510E+08 47.237
.69610E+08 47.234
.69710E+08 47.232
.69810E+08 47.230
.69910E+08 47.228
.70010E+08 47.225
.70110E+08 47.222
.70210E+08 47.221
.70310E+08 47.218
.70410E+08 47.215
.70510E+08 47.212
.70610E+08 47.210
.70710E+08 47.211
.70810E+08 47.209
.70910E+08 47.205
.71010E+08 47.204
.71110E+08 47.200
.71210E+08 47.197
.71310E+08 47.194
.71410E+08 47.191
.71510E+08 47.191
.71610E+08 47.188
.71710E+08 47.186
.71810E+08 47.185
.71910E+08 47.182
.72010E+08 47.180
.72110E+08 47.177
.72210E+08 47.174
.72310E+08 47.170
.72410E+08 47.170
.72510E+08 47.170
.72610E+08 47.165
.72710E+08 47.164
.72810E+08 47.163
.72910E+08 47.159
.73010E+08 47.155
.73110E+08 47.151
.73210E+08 47.146
.73310E+08 47.146
.73410E+08 47.147
.73510E+08 47.146
.73610E+08 47.144
.73710E+08 47.140
.73810E+08 47.139
.73910E+08 47.138
.74010E+08 47.135
.74110E+08 47.134
.74210E+08 47.133
.74310E+08 47.131
.74410E+08 47.131
.74510E+08 47.126
.74610E+08 47.127
.74710E+08 47.125
.74810E+08 47.122
.74910E+08 47.121
.75010E+08 47.119
.75110E+08 47.117
.75210E+08 47.120
.75310E+08 47.115
.75410E+08 47.113
.75510E+08 47.112
.75610E+08 47.109
.75710E+08 47.105
.75810E+08 47.103
.75910E+08 47.100
.76010E+08 47.098
.76110E+08 47.095
.76210E+08 47.098
.76310E+08 47.094
.76410E+08 47.093
.76510E+08 47.090
.76610E+08 47.092
.76710E+08 47.087
.76810E+08 47.085
.76910E+08 47.085
.77010E+08 47.081
.77110E+08 47.080
.77210E+08 47.079
.77310E+08 47.077
.77410E+08 47.074
.77510E+08 47.071
.77610E+08 47.071
.77710E+08 47.067
.77810E+08 47.066
.77910E+08 47.065
.78010E+08 47.062
.78110E+08 47.061
.78210E+08 47.058
.78310E+08 47.056
.78410E+08 47.055
.78510E+08 47.052
.78610E+08 47.050
.78710E+08 47.049
.78810E+08 47.049
.78910E+08 47.046
.79010E+08 47.045
.79110E+08 47.044
.79210E+08 47.045
.79310E+08 47.044
.79410E+08 47.043
.79510E+08 47.039
.79610E+08 47.038
.79710E+08 47.037
.79810E+08 47.035
.79910E+08 47.029
.80010E+08 47.031
.80110E+08 47.024
.80210E+08 47.024
.80310E+08 47.020
.80410E+08 47.018
.80510E+08 47.016
.80610E+08 47.015
.80710E+08 47.014
.80810E+08 47.012
.80910E+08 47.010
.81010E+08 47.007
.81110E+08 47.006
.81210E+08 47.005
.81310E+08 47.002
.81410E+08 46.998
.81510E+08 46.998
.81610E+08 46.998
.81710E+08 46.996
.81810E+08 46.994
.81910E+08 46.992
.82010E+08 46.989
.82110E+08 46.988
.82210E+08 46.987
.82310E+08 46.983
.82410E+08 46.983
.82510E+08 46.979
.82610E+08 46.977
.82710E+08 46.974
.82810E+08 46.973
.82910E+08 46.975
.83010E+08 46.976
.83110E+08 46.975
.83210E+08 46.976
.83310E+08 46.973
.83410E+08 46.962
.83510E+08 46.960
.83610E+08 46.958
.83710E+08 46.956
.83810E+08 46.954
.83910E+08 46.953
.84010E+08 46.952
.84110E+08 46.950
.84210E+08 46.947
.84310E+08 46.945
.84410E+08 46.943
.84510E+08 46.940
.84610E+08 46.937
.84710E+08 46.936
.84810E+08 46.933
.84910E+08 46.933
.85010E+08 46.930
.85110E+08 46.929
.85210E+08 46.926
.85310E+08 46.923
.85410E+08 46.921
.85510E+08 46.922
.85610E+08 46.921
.85710E+08 46.918
.85810E+08 46.916
.85910E+08 46.914
.86010E+08 46.912
.86110E+08 46.910
.86210E+08 46.909
.86310E+08 46.905
.86410E+08 46.903
.86510E+08 46.902
.86610E+08 46.900
.86710E+08 46.899
.86810E+08 46.896
.86910E+08 46.894
.87010E+08 46.893
.87110E+08 46.892
.87210E+08 46.888
.87310E+08 46.887
.87410E+08 46.884
.87510E+08 46.884
.87610E+08 46.881
.87710E+08 46.878
.87810E+08 46.877
.87910E+08 46.875
.88010E+08 46.874
.88110E+08 46.872
.88210E+08 46.868
.88310E+08 46.867
.88410E+08 46.866
.88510E+08 46.863
.88610E+08 46.862
.88710E+08 46.861
.88810E+08 46.860
.88910E+08 46.857
.89010E+08 46.853
.89110E+08 46.853
.89210E+08 46.853
.89310E+08 46.848
.89410E+08 46.849
.89510E+08 46.846
.89610E+08 46.844
.89710E+08 46.842
.89810E+08 46.840
.89910E+08 46.838
.90010E+08 46.836
.90110E+08 46.836
.90210E+08 46.833
.90310E+08 46.831
.90410E+08 46.829
.90510E+08 46.827
.90610E+08 46.825
.90710E+08 46.824
.90810E+08 46.822
.90910E+08 46.819
.91010E+08 46.817
.91110E+08 46.815
.91210E+08 46.814
.91310E+08 46.813
.91410E+08 46.809
.91510E+08 46.804
.91610E+08 46.802
.91710E+08 46.800
.91810E+08 46.798
.91910E+08 46.795
.92010E+08 46.796
.92110E+08 46.796
.92210E+08 46.794
.92310E+08 46.792
.92410E+08 46.792
.92510E+08 46.791
.92610E+08 46.788
.92710E+08 46.787
.92810E+08 46.785
.92910E+08 46.784
.93010E+08 46.782
.93110E+08 46.781
.93210E+08 46.780
.93310E+08 46.780
.93410E+08 46.776
.93510E+08 46.779
.93610E+08 46.776
.93710E+08 46.774
.93810E+08 46.772
.93910E+08 46.771
.94010E+08 46.769
.94110E+08 46.769
.94210E+08 46.766
.94310E+08 46.765
.94410E+08 46.765
.94510E+08 46.763
.94610E+08 46.761
.94710E+08 46.761
.94810E+08 46.758
.94910E+08 46.757
.95010E+08 46.755
.95110E+08 46.752
.95210E+08 46.748
.95310E+08 46.747
.95410E+08 46.746
.95510E+08 46.744
.95610E+08 46.743
.95710E+08 46.742
.95810E+08 46.740
.95910E+08 46.738
.96010E+08 46.736
.96110E+08 46.736
.96210E+08 46.734
.96310E+08 46.732
.96410E+08 46.731
.96510E+08 46.728
.96610E+08 46.727
.96710E+08 46.727
.96810E+08 46.723
.96910E+08 46.723
.97010E+08 46.721
.97110E+08 46.722
.97210E+08 46.718
.97310E+08 46.717
.97410E+08 46.716
.97510E+08 46.714
.97610E+08 46.712
.97710E+08 46.711
.97810E+08 46.710
.97910E+08 46.708
.98010E+08 46.706
.98110E+08 46.704
.98210E+08 46.704
.98310E+08 46.702
.98410E+08 46.701
.98510E+08 46.698
.98610E+08 46.697
.98710E+08 46.696
.98810E+08 46.693
.98910E+08 46.693
.99010E+08 46.691
.99110E+08 46.689
.99210E+08 46.689
.99310E+08 46.686
.99410E+08 46.685
.99510E+08 46.684
.99610E+08 46.682
.99710E+08 46.681
.99810E+08 46.679
.99910E+08 46.676
