 .12852E+09          91.00     -15.00000   -15.00000   -15.00000
 .12852E+09          94.00     -15.00000   -15.00000   -15.00000
 .12852E+09          96.00     -15.00000   -15.00000   -15.00000
 .12852E+09          98.00     -15.00000   -15.00000   -15.00000
 .12852E+09         100.00     -15.00000   -15.00000   -15.00000
 .12852E+09         102.00     -15.00000   -15.00000   -15.00000
 .12852E+09         104.00     -15.00000   -15.00000   -15.00000
 .12852E+09         106.00     -15.00000   -15.00000   -15.00000
 .12852E+09         108.00     -15.00000   -15.00000   -15.00000
 .12852E+09         110.00     -15.00000   -15.00000   -15.00000
 .12852E+09         114.00     -15.00000   -15.00000   -15.00000
 .12852E+09         118.00     -15.00000   -15.00000   -15.00000
 .12852E+09         121.00     -15.00000   -15.00000   -15.00000
 .12852E+09         125.00     -15.00000   -15.00000   -15.00000
 .12852E+09         127.00     -15.00000   -15.00000   -15.00000
 .12852E+09         128.00     -15.00000   -15.00000   -15.00000
 .12852E+09         131.00     -15.00000   -15.00000   -15.00000
 .12852E+09         132.00     -15.00000   -15.00000   -15.00000
 .12852E+09         134.00     -15.00000   -15.00000   -15.00000
 .12852E+09         137.00     -15.00000   -15.00000   -15.00000
 .12852E+09         140.00     -15.00000   -15.00000   -15.00000
 .12852E+09         143.00     -15.00000   -15.00000   -15.00000
 .12852E+09         147.00     -15.00000   -15.00000   -15.00000
 .12852E+09         151.00     -15.00000   -15.00000   -15.00000
 .12852E+09         155.00     -15.00000   -15.00000   -15.00000
 .12852E+09         159.00     -15.00000   -15.00000   -15.00000
 .12852E+09         162.00     -15.00000   -15.00000   -15.00000
 .12852E+09         166.00     -15.00000   -15.00000   -15.00000
 .12852E+09         170.00     -15.00000   -15.00000   -15.00000
 .12852E+09         173.00     -15.00000   -15.00000   -15.00000
 .12852E+09         177.00     -15.00000   -15.00000   -15.00000
 .12852E+09         180.00     -15.00000   -15.00000   -15.00000
 .12852E+09         182.00     -15.00000   -15.00000   -15.00000
 .12852E+09         186.00     -15.00000   -15.00000   -15.00000
 .12852E+09         191.00     -15.00000   -15.00000   -15.00000
 .12852E+09         194.00     -15.00000   -15.00000   -15.00000
 .12852E+09         198.00     -15.00000   -15.00000   -15.00000
 .12852E+09         202.00     -15.00000   -15.00000   -15.00000
 .12852E+09         205.00     -15.00000   -15.00000   -15.00000
 .12852E+09         210.00     -15.00000   -15.00000   -15.00000
 .12852E+09         216.00     -15.00000   -15.00000   -15.00000
 .12852E+09         220.00     -15.00000   -15.00000   -15.00000
 .12852E+09         223.00     -15.00000   -15.00000   -15.00000
 .12852E+09         227.00     -15.00000   -15.00000   -15.00000
 .12852E+09         230.00      15.59151    15.59151   -15.00000
 .12852E+09         234.00      16.01299    16.01299   -15.00000
 .12852E+09         240.00      16.60992    16.60992   -15.00000
 .12852E+09         246.00      17.22517    17.22517   -15.00000
 .12852E+09         252.00      17.75550    17.75550   -15.00000
 .12852E+09         257.00      18.13344    18.13344   -15.00000
 .12852E+09         260.00      18.40295    18.40295   -15.00000
 .12852E+09         264.00      18.72958    18.72958   -15.00000
 .12852E+09         269.00      19.08351    19.08351   -15.00000
 .12852E+09         274.00      19.46480    19.46480   -15.00000
 .12852E+09         279.00      19.83336    19.83336   -15.00000
 .12852E+09         284.00      20.22499    20.22499   -15.00000
 .12852E+09         290.00      20.63325    20.63325   -15.00000
 .12852E+09         296.00      21.02452    21.02452   -15.00000
 .12852E+09         301.00      21.33921    21.33921   -15.00000
 .12852E+09         308.00      21.76220    21.76220   -15.00000
 .12852E+09         318.00      22.33365    22.33365   -15.00000
 .12852E+09         328.00      22.86982    22.86982   -15.00000
 .12852E+09         338.00      23.37346    23.37346   -15.00000
 .12852E+09         348.00      23.84757    23.84757   -15.00000
 .12852E+09         357.00      24.25093    24.25093   -15.00000
 .12852E+09         366.00      24.63391    24.63391   -15.00000
 .12852E+09         375.00      24.99763    24.99763   -15.00000
 .12852E+09         385.00      25.38121    25.38121   -15.00000
 .12852E+09         395.00      25.74453    25.74453   -15.00000
 .12852E+09         405.00      26.08910    26.08910   -15.00000
 .12852E+09         414.00      26.38434    26.38434   -15.00000
 .12852E+09         422.00      26.63571    26.63571   -15.00000
 .12852E+09         430.00      26.87712    26.87712   -15.00000
 .12852E+09         441.00      27.19418    27.19418   -15.00000
 .12852E+09         451.00      27.46812    27.46812   -15.00000
 .12852E+09         460.00      27.70374    27.70374   -15.00000
 .12852E+09         470.00      27.95452    27.95452   -15.00000
 .12852E+09         480.00      28.19396    28.19396   -15.00000
 .12852E+09         490.00      28.42318    28.42318   -15.00000
 .12852E+09         500.00      28.64233    28.64233   -15.00000
 .12852E+09         506.00      29.97172    29.97172   -15.00000
 .12852E+09         512.00      30.34609    30.34609   -15.00000
 .12852E+09         520.00      30.47275    30.47275   -15.00000
 .12852E+09         530.00      30.65811    30.65811   -15.00000
 .12852E+09         540.00      30.76247    30.76247   -15.00000
 .12852E+09         550.00      30.94999    30.94999   -15.00000
 .12852E+09         560.00      31.08206    31.08206   -15.00000
 .12852E+09         570.00      31.21555    31.21555   -15.00000
 .12852E+09         580.00      31.27719    31.27719   -15.00000
 .12852E+09         590.00      31.43922    31.43922   -15.00000
 .12852E+09         600.00      31.56981    31.56981   -15.00000
 .12852E+09         610.00      31.68261    31.68261   -15.00000
 .12852E+09         620.00      31.78589    31.78589   -15.00000
 .12852E+09         630.00      31.89043    31.89043   -15.00000
 .12852E+09         640.00      31.98353    31.98353   -15.00000
 .12852E+09         650.00      32.08308    32.08308   -15.00000
 .12852E+09         658.00      32.15836    32.15836   -15.00000
 .12852E+09         665.00      32.21967    32.21967   -15.00000
 .12852E+09         675.00      32.30330    32.30330   -15.00000
 .12852E+09         685.00      32.38911    32.38911   -15.00000
 .12852E+09         695.00      32.47512    32.47512   -15.00000
 .12852E+09         705.00      32.55421    32.55421   -15.00000
 .12852E+09         716.00      32.63721    32.63721   -15.00000
 .12852E+09         726.00      32.71184    32.71184   -15.00000
 .12852E+09         735.00      32.77617    32.77617   -15.00000
 .12852E+09         745.00      32.84788    32.84788   -15.00000
 .12852E+09         755.00      32.91672    32.91672   -15.00000
 .12852E+09         765.00      32.98138    32.98138   -15.00000
 .12852E+09         775.00      33.04736    33.04736   -15.00000
 .12852E+09         785.00      33.10988    33.10988   -15.00000
 .12852E+09         795.00      33.16957    33.16957   -15.00000
 .12852E+09         805.00      33.22879    33.22879   -15.00000
 .12852E+09         815.00      33.28476    33.28476   -15.00000
 .12852E+09         825.00      33.34148    33.34148   -15.00000
 .12852E+09         835.00      33.39002    33.39002   -15.00000
 .12852E+09         845.00      33.44707    33.44707   -15.00000
 .12852E+09         855.00      33.49689    33.49689   -15.00000
 .12852E+09         865.00      33.54882    33.54882   -15.00000
 .12852E+09         875.00      33.59759    33.59759   -15.00000
 .12852E+09         885.00      33.64670    33.64670   -15.00000
 .12852E+09         895.00      33.69296    33.69296   -15.00000
 .12852E+09         905.00      33.73224    33.73224   -15.00000
 .12852E+09         915.00      34.09808    34.09807    29.56934
 .12852E+09         925.00      34.59435    34.59433    30.34223
 .12852E+09         935.00      34.96872    34.96870    30.60499
 .12852E+09         945.00      35.80998    35.80998    30.76754
 .12852E+09         955.00      36.47971    36.47970    30.88554
 .12852E+09         965.00      36.64936    36.64936    30.97824
 .12852E+09         975.00      35.99132    35.99131    31.05459
 .12852E+09         985.00      37.02826    37.02826    31.11950
 .12852E+09         995.00      37.12659    37.12659    31.17596
 .12852E+09        1005.00      37.16199    37.16199    31.22592
 .12852E+09        1015.00      36.90921    36.90921    31.27072
 .12852E+09        1025.00      35.61822    35.61819    31.31132
 .12852E+09        1035.00      36.75382    36.75382    31.34846
 .12852E+09        1045.00      37.19374    37.19374    31.38266
 .12852E+09        1055.00      37.25118    37.25117    31.41437
 .12852E+09        1065.00      37.21836    37.21836    31.44392
 .12852E+09        1075.00      37.26425    37.26425    31.47158
 .12852E+09        1085.00      37.22689    37.22689    31.49759
 .12852E+09        1095.00      37.26046    37.26046    31.52213
 .12852E+09        1105.00      37.24087    37.24087    31.54536
 .12852E+09        1115.00      37.23282    37.23282    31.56741
 .12852E+09        1125.00      37.21659    37.21659    31.58839
 .12852E+09        1135.00      37.23698    37.23698    31.60840
 .12852E+09        1145.00      37.20873    37.20873    31.62753
 .12852E+09        1155.00      37.21172    37.21171    31.64586
 .12852E+09        1165.00      37.22242    37.22242    31.66344
 .12852E+09        1175.00      37.18066    37.18066    31.68034
 .12852E+09        1185.00      37.17815    37.17815    31.69661
 .12852E+09        1195.00      37.00870    37.00870    31.71229
 .12852E+09        1205.00      36.75414    36.75413    31.72742
 .12852E+09        1215.00      35.67178    35.67173    31.74204
 .12852E+09        1225.00      36.66547    36.66546    31.75619
 .12852E+09        1235.00      37.06674    37.06673    31.76989
 .12852E+09        1245.00      37.14998    37.14998    31.78317
 .12852E+09        1255.00      37.16160    37.16160    31.79605
 .12852E+09        1265.00      37.10873    37.10873    31.80857
 .12852E+09        1275.00      37.17605    37.17605    31.82074
 .12852E+09        1285.00      37.18961    37.18961    31.83257
 .12852E+09        1295.00      37.16146    37.16146    31.84409
 .12852E+09        1305.00      37.14442    37.14442    31.85237
 .12852E+09        1315.00      37.18118    37.18118    31.85760
 .12852E+09        1325.00      37.17029    37.17028    31.86277
 .12852E+09        1335.00      37.15030    37.15030    31.86787
 .12852E+09        1345.00      37.17437    37.17437    31.87291
 .12852E+09        1355.00      37.16087    37.16086    31.87790
 .12852E+09        1365.00      37.14483    37.14482    31.88283
 .12852E+09        1375.00      37.14677    37.14677    31.88771
 .12852E+09        1385.00      37.15173    37.15173    31.89253
 .12852E+09        1395.00      37.14374    37.14374    31.89730
 .12852E+09        1405.00      37.14620    37.14620    31.90201
 .12852E+09        1415.00      37.13234    37.13234    31.90668
 .12852E+09        1425.00      37.13202    37.13202    31.91129
 .12852E+09        1435.00      37.12340    37.12340    31.91586
 .12852E+09        1442.00      37.12875    37.12874    31.91903
 .12852E+09        1447.00      37.12932    37.12931    31.92128
 .12852E+09        1455.00      37.12233    37.12232    31.92485
 .12852E+09        1465.00      37.11107    37.11107    31.92928
 .12852E+09        1475.00      37.10561    37.10561    31.93367
 .12852E+09        1485.00      37.09966    37.09966    31.93801
 .12852E+09        1495.00      37.09603    37.09602    31.94230
 .12852E+09        1505.00      37.09146    37.09145    31.94249
 .12852E+09        1512.00      37.07975    37.07975    31.93974
 .12852E+09        1517.00      37.08642    37.08641    31.93777
 .12852E+09        1525.00      37.07239    37.07238    31.93460
 .12852E+09        1535.00      37.05640    37.05640    31.93060
 .12852E+09        1545.00      37.07240    37.07240    31.92657
 .12852E+09        1555.00      37.05315    37.05315    31.92250
 .12852E+09        1565.00      37.03660    37.03660    31.91839
 .12852E+09        1575.00      37.04375    37.04375    31.91424
 .12852E+09        1585.00      37.04788    37.04787    31.91005
 .12852E+09        1595.00      37.05292    37.05292    31.90582
 .12852E+09        1605.00      37.03448    37.03448    31.90155
 .12852E+09        1615.00      37.03136    37.03136    31.89724
 .12852E+09        1625.00      37.01426    37.01426    31.89288
 .12852E+09        1635.00      37.01506    37.01505    31.88848
 .12852E+09        1645.00      37.01262    37.01262    31.88403
 .12852E+09        1655.00      36.98677    36.98676    31.87954
 .12852E+09        1665.00      37.01154    37.01154    31.87500
 .12852E+09        1672.00      36.98589    36.98589    31.87179
 .12852E+09        1677.00      36.99520    36.99519    31.86949
 .12852E+09        1685.00      37.00185    37.00185    31.86578
 .12852E+09        1695.00      36.98958    36.98958    31.86109
 .12852E+09        1705.00      36.97779    36.97778    31.85635
 .12852E+09        1715.00      36.97166    36.97165    31.85156
 .12852E+09        1725.00      36.96472    36.96472    31.84672
 .12852E+09        1735.00      36.97323    36.97322    31.84182
 .12852E+09        1745.00      36.96085    36.96085    31.83687
 .12852E+09        1755.00      36.96874    36.96874    31.83186
 .12852E+09        1765.00      36.93859    36.93859    31.82679
 .12852E+09        1775.00      36.95719    36.95719    31.82166
 .12852E+09        1785.00      36.95050    36.95050    31.81647
 .12852E+09        1795.00      36.95435    36.95435    31.81121
 .12852E+09        1805.00      36.94872    36.94871    31.80704
 .12852E+09        1815.00      36.94047    36.94046    31.80397
 .12852E+09        1825.00      36.93686    36.93686    31.80088
 .12852E+09        1835.00      36.92847    36.92846    31.79777
 .12852E+09        1845.00      36.91468    36.91467    31.79463
 .12852E+09        1855.00      36.90775    36.90775    31.79148
 .12852E+09        1865.00      36.90509    36.90509    31.78830
 .12852E+09        1875.00      36.91273    36.91273    31.78509
 .12852E+09        1885.00      36.90015    36.90015    31.78186
 .12852E+09        1895.00      36.89164    36.89164    31.77861
 .12852E+09        1905.00      36.89690    36.89690    31.77533
 .12852E+09        1915.00      36.88580    36.88580    31.77203
 .12852E+09        1925.00      36.88231    36.88231    31.76871
 .12852E+09        1935.00      36.87878    36.87878    31.76535
 .12852E+09        1945.00      36.88495    36.88495    31.76197
 .12852E+09        1955.00      36.87211    36.87210    31.75857
 .12852E+09        1967.00      36.87747    36.87747    31.75445
 .12852E+09        1976.00      36.87485    36.87485    31.75133
 .12852E+09        1984.00      36.86649    36.86649    31.74854
 .12852E+09        1995.00      36.85430    36.85429    31.74467
 .12852E+09        2005.00      36.85488    36.85488    31.74113
 .12852E+09        2015.00      36.84653    36.84653    31.73756
 .12852E+09        2025.00      36.84875    36.84874    31.73396
 .12852E+09        2035.00      36.84347    36.84347    31.73032
 .12852E+09        2045.00      36.84167    36.84167    31.72666
 .12852E+09        2055.00      36.82705    36.82705    31.72297
 .12852E+09        2065.00      36.82697    36.82697    31.71924
 .12852E+09        2074.00      36.83031    36.83031    31.71586
 .12852E+09        2078.00      36.82664    36.82664    31.71435
 .12852E+09        2085.00      36.82782    36.82781    31.71169
 .12852E+09        2095.00      36.81758    36.81757    31.70786
 .12852E+09        2105.00      36.81717    36.81717    31.70401
 .12852E+09        2115.00      36.81376    36.81375    31.70011
 .12852E+09        2125.00      36.81244    36.81244    31.69618
 .12852E+09        2135.00      36.79994    36.79993    31.69222
 .12852E+09        2145.00      36.80211    36.80210    31.68822
 .12852E+09        2155.00      36.79883    36.79883    31.68418
 .12852E+09        2165.00      36.78662    36.78662    31.68010
 .12852E+09        2175.00      36.78291    36.78291    31.67599
 .12852E+09        2185.00      36.78033    36.78033    31.67183
 .12852E+09        2195.00      36.78566    36.78565    31.66764
 .12852E+09        2205.00      36.77329    36.77329    31.66521
 .12852E+09        2215.00      36.76276    36.76276    31.66457
 .12852E+09        2225.00      36.75371    36.75371    31.66393
 .12852E+09        2235.00      36.76688    36.76687    31.66328
 .12852E+09        2245.00      36.75464    36.75464    31.66264
 .12852E+09        2255.00      36.74544    36.74544    31.66199
 .12852E+09        2265.00      36.74314    36.74314    31.66135
 .12852E+09        2275.00      36.74638    36.74638    31.66070
 .12852E+09        2285.00      36.74694    36.74694    31.66005
 .12852E+09        2295.00      36.73495    36.73494    31.65940
 .12852E+09        2305.00      36.73228    36.73228    31.65876
 .12852E+09        2315.00      36.72602    36.72601    31.65810
 .12852E+09        2325.00      36.68215    36.68214    31.65745
 .12852E+09        2335.00      36.71362    36.71362    31.65680
 .12852E+09        2345.00      36.69389    36.69388    31.65615
 .12852E+09        2355.00      36.70660    36.70660    31.65549
 .12852E+09        2365.00      36.68899    36.68898    31.65484
 .12852E+09        2375.00      36.69543    36.69543    31.65418
 .12852E+09        2385.00      36.67511    36.67511    31.65352
 .12852E+09        2395.00      36.68693    36.68693    31.65286
 .12852E+09        2405.00      36.67737    36.67736    31.65221
 .12852E+09        2415.00      36.67712    36.67712    31.65154
 .12852E+09        2425.00      36.68240    36.68240    31.65088
 .12852E+09        2435.00      36.66964    36.66964    31.65022
 .12852E+09        2445.00      36.67501    36.67500    31.64956
 .12852E+09        2455.00      36.67134    36.67134    31.64889
 .12852E+09        2465.00      36.66281    36.66280    31.64823
 .12852E+09        2475.00      36.65657    36.65657    31.64756
 .12852E+09        2485.00      36.66275    36.66274    31.64689
 .12852E+09        2495.00      36.65223    36.65223    31.64622
 .12852E+09        2505.00      36.66275    36.66274    31.64556
 .12852E+09        2513.00      36.64960    36.64960    31.64502
 .12852E+09        2518.00      36.65071    36.65070    31.64468
 .12852E+09        2525.00      36.63687    36.63687    31.64421
 .12852E+09        2535.00      36.63097    36.63097    31.64354
 .12852E+09        2545.00      36.62975    36.62975    31.64287
 .12852E+09        2555.00      36.63882    36.63882    31.64219
 .12852E+09        2565.00      36.63326    36.63325    31.64152
 .12852E+09        2575.00      36.63906    36.63906    31.64084
 .12852E+09        2585.00      36.63763    36.63762    31.64016
 .12852E+09        2595.00      36.63263    36.63263    31.63948
 .12852E+09        2605.00      36.62320    36.62319    31.63880
 .12852E+09        2615.00      36.61893    36.61893    31.63812
 .12852E+09        2625.00      36.61944    36.61943    31.63744
 .12852E+09        2635.00      36.61927    36.61927    31.63676
 .12852E+09        2645.00      36.63372    36.63372    31.63607
 .12852E+09        2655.00      36.63091    36.63091    31.63539
 .12852E+09        2665.00      36.61940    36.61940    31.63470
 .12852E+09        2675.00      36.62254    36.62254    31.63401
 .12852E+09        2685.00      36.62037    36.62036    31.63332
 .12852E+09        2695.00      36.61194    36.61194    31.63263
 .12852E+09        2705.00      36.61050    36.61050    31.63194
 .12852E+09        2715.00      36.60102    36.60101    31.63125
 .12852E+09        2725.00      36.59716    36.59716    31.63056
 .12852E+09        2735.00      36.60194    36.60194    31.62986
 .12852E+09        2745.00      36.57881    36.57880    31.62917
 .12852E+09        2755.00      36.57863    36.57862    31.62847
 .12852E+09        2765.00      36.58515    36.58514    31.62777
 .12852E+09        2775.00      36.59039    36.59038    31.62708
 .12852E+09        2785.00      36.58397    36.58396    31.62638
 .12852E+09        2795.00      36.54576    36.54576    31.62568
 .12852E+09        2805.00      36.55943    36.55943    31.62497
 .12852E+09        2815.00      36.58239    36.58239    31.62427
 .12852E+09        2825.00      36.57983    36.57983    31.62357
 .12852E+09        2835.00      36.57276    36.57275    31.62286
 .12852E+09        2845.00      36.56615    36.56615    31.62215
 .12852E+09        2855.00      36.56149    36.56148    31.62144
 .12852E+09        2865.00      36.56743    36.56742    31.62259
 .12852E+09        2875.00      36.56288    36.56287    31.62374
 .12852E+09        2885.00      36.56224    36.56223    31.62488
 .12852E+09        2895.00      36.55973    36.55973    31.62602
 .12852E+09        2910.00      36.56326    36.56326    31.62773
 .12852E+09        2930.00      36.55302    36.55301    31.62999
 .12852E+09        2950.00      36.54686    36.54685    31.63224
 .12852E+09        2970.00      36.54401    36.54400    31.63448
 .12852E+09        2990.00      36.53941    36.53940    31.63670
 .12852E+09        3010.00      36.53725    36.53725    31.63892
 .12852E+09        3030.00      36.53252    36.53251    31.64112
 .12852E+09        3050.00      36.52772    36.52772    31.64332
 .12852E+09        3070.00      36.52186    36.52185    31.64550
 .12852E+09        3090.00      36.51832    36.51831    31.64767
 .12852E+09        3110.00      36.51257    36.51256    31.64983
 .12852E+09        3130.00      36.50680    36.50679    31.65198
 .12852E+09        3150.00      36.50252    36.50251    31.65412
 .12852E+09        3170.00      36.49867    36.49866    31.65625
 .12852E+09        3190.00      36.48870    36.48869    31.65837
 .12852E+09        3210.00      36.48846    36.48845    31.66048
 .12852E+09        3230.00      36.48129    36.48128    31.66257
 .12852E+09        3250.00      36.48100    36.48100    31.66466
 .12852E+09        3270.00      36.47967    36.47966    31.66674
 .12852E+09        3290.00      36.47532    36.47532    31.66881
 .12852E+09        3310.00      36.47117    36.47116    31.67087
 .12852E+09        3330.00      36.46555    36.46555    31.67292
 .12852E+09        3350.00      36.45950    36.45949    31.67549
 .12852E+09        3370.00      36.45203    36.45202    31.67807
 .12852E+09        3390.00      36.44955    36.44955    31.68064
 .12852E+09        3410.00      36.44727    36.44726    31.68320
 .12852E+09        3430.00      36.44474    36.44473    31.65415
 .12852E+09        3450.00      36.44093    36.44093    31.65665
 .12852E+09        3470.00      36.43669    36.43668    31.65914
 .12852E+09        3490.00      36.43362    36.43361    31.66161
 .12852E+09        3510.00      36.43186    36.43185    31.66406
 .12852E+09        3530.00      36.42626    36.42625    31.66651
 .12852E+09        3550.00      36.42590    36.42590    31.66894
 .12852E+09        3570.00      36.41637    36.41637    31.67135
 .12852E+09        3590.00      36.41131    36.41130    31.67376
 .12852E+09        3610.00      36.41048    36.41047    31.67615
 .12852E+09        3630.00      36.40708    36.40707    31.67852
 .12852E+09        3640.00      36.40533    36.40532    31.67971
 .12852E+09        3650.00      36.40899    36.40899    31.01569
 .12852E+09        3670.00      36.39756    36.39756    31.01378
 .12852E+09        3690.00      36.38844    36.38844    31.01187
 .12852E+09        3710.00      36.43243    36.43242    31.00995
 .12852E+09        3730.00      36.43958    36.43958    31.00802
 .12852E+09        3750.00      36.52130    36.52129    31.00608
 .12852E+09        3770.00      36.53463    36.53462    31.00413
 .12852E+09        3790.00      36.59315    36.59315    31.00217
 .12852E+09        3810.00      36.63891    36.63891    31.00021
 .12852E+09        3830.00      36.55413    36.55413    30.99824
 .12852E+09        3850.00      36.66241    36.66241    30.99625
 .12852E+09        3870.00      36.69048    36.69048    30.99426
 .12852E+09        3890.00      36.51527    36.51527    30.99226
 .12852E+09        3910.00      36.68723    36.68723    30.99025
 .12852E+09        3930.00      36.67631    36.67631    30.98823
 .12852E+09        3950.00      36.67819    36.67819    30.98620
 .12852E+09        3970.00      36.48372    36.48372    30.98416
 .12852E+09        3990.00      36.66759    36.66759    30.98211
 .12852E+09        4010.00      36.68772    36.68772    30.98006
 .12852E+09        4030.00      36.68098    36.68098    30.97799
 .12852E+09        4050.00      36.67987    36.67987    30.97591
 .12852E+09        4070.00      36.66721    36.66721    30.97382
 .12852E+09        4090.00      36.60506    36.60506    30.97173
 .12852E+09        4110.00      36.51831    36.51831    30.96962
 .12852E+09        4130.00      36.64818    36.64818    30.96750
 .12852E+09        4150.00      36.65404    36.65404    30.96537
 .12852E+09        4170.00      36.65134    36.65133    30.96323
 .12852E+09        4190.00      36.64589    36.64589    30.96108
 .12852E+09        4210.00      36.64120    36.64120    30.95892
 .12852E+09        4230.00      36.63471    36.63471    30.95675
 .12852E+09        4250.00      36.62939    36.62939    30.95457
 .12852E+09        4270.00      36.62201    36.62201    30.95237
 .12852E+09        4290.00      36.61347    36.61347    30.95017
 .12852E+09        4310.00      36.59420    36.59420    30.94795
 .12852E+09        4330.00      36.52915    36.52914    30.94573
 .12852E+09        4350.00      36.47488    36.47488    30.94349
 .12852E+09        4370.00      36.59074    36.59074    30.94124
 .12852E+09        4390.00      36.58945    36.58945    30.93898
 .12852E+09        4410.00      36.59068    36.59068    30.93670
 .12852E+09        4430.00      36.59009    36.59009    30.93442
 .12852E+09        4450.00      36.58573    36.58573    30.93212
 .12852E+09        4470.00      36.57729    36.57729    30.92981
 .12852E+09        4490.00      36.57615    36.57615    30.92749
 .12852E+09        4510.00      36.57632    36.57632    30.92515
 .12852E+09        4530.00      36.56791    36.56791    30.92281
 .12852E+09        4550.00      36.56260    36.56260    30.92044
 .12852E+09        4570.00      36.56268    36.56268    30.91807
 .12852E+09        4590.00      36.55563    36.55562    30.91569
 .12852E+09        4610.00      36.55392    36.55392    30.91329
 .12852E+09        4630.00      36.54779    36.54779    30.91088
 .12852E+09        4650.00      36.54451    36.54451    30.90845
 .12852E+09        4670.00      36.54089    36.54089    30.90601
 .12852E+09        4690.00      36.53575    36.53575    30.90356
 .12852E+09        4710.00      36.52722    36.52722    30.90109
 .12852E+09        4730.00      36.52715    36.52715    30.89861
 .12852E+09        4750.00      36.52336    36.52336    30.89611
 .12852E+09        4770.00      36.51845    36.51845    30.89360
 .12852E+09        4790.00      36.51297    36.51297    30.89108
 .12852E+09        4810.00      36.50674    36.50674    30.88854
 .12852E+09        4830.00      36.49579    36.49579    30.88598
 .12852E+09        4850.00      36.43440    36.43440    30.88342
 .12852E+09        4870.00      36.36696    36.36696    30.88083
 .12852E+09        4890.00      36.47727    36.47727    30.87823
 .12852E+09        4910.00      36.48314    36.48314    30.87561
 .12852E+09        4930.00      36.47702    36.47702    30.87298
 .12852E+09        4950.00      36.47832    36.47832    30.87033
 .12852E+09        4970.00      36.47580    36.47580    30.86767
 .12852E+09        4990.00      36.46771    36.46771    30.86499
 .12852E+09        5010.00      36.45929    36.45929    30.86229
 .12852E+09        5030.00      36.46070    36.46070    30.85958
 .12852E+09        5050.00      36.45472    36.45472    30.85685
 .12852E+09        5070.00      36.45410    36.45409    30.85410
 .12852E+09        5090.00      36.44801    36.44800    30.85133
 .12852E+09        5110.00      36.44436    36.44436    30.84855
 .12852E+09        5130.00      36.43884    36.43884    30.84575
 .12852E+09        5150.00      36.43295    36.43295    30.84293
 .12852E+09        5170.00      36.42600    36.42600    30.84009
 .12852E+09        5190.00      36.42331    36.42331    30.83723
 .12852E+09        5210.00      36.42046    36.42046    30.83436
 .12852E+09        5230.00      36.41734    36.41734    30.83146
 .12852E+09        5250.00      36.41598    36.41598    30.82855
 .12852E+09        5270.00      36.40630    36.40629    30.82561
 .12852E+09        5290.00      36.40839    36.40839    30.82266
 .12852E+09        5310.00      36.40522    36.40522    30.81969
 .12852E+09        5330.00      36.39734    36.39734    30.81669
 .12852E+09        5350.00      36.39756    36.39755    30.81367
 .12852E+09        5370.00      36.39291    36.39291    30.81064
 .12852E+09        5390.00      36.38862    36.38862    30.80758
 .12852E+09        5410.00      36.38338    36.38338    30.80450
 .12852E+09        5430.00      36.37999    36.37999    30.80140
 .12852E+09        5450.00      36.37808    36.37808    30.79827
 .12852E+09        5470.00      36.37396    36.37396    30.79513
 .12852E+09        5490.00      36.37069    36.37068    30.79196
 .12852E+09        5510.00      36.36661    36.36661    30.78877
 .12852E+09        5530.00      36.36343    36.36343    30.78555
 .12852E+09        5550.00      36.36094    36.36094    30.78231
 .12852E+09        5570.00      36.35533    36.35533    30.77905
 .12852E+09        5590.00      36.35124    36.35124    30.77575
 .12852E+09        5610.00      36.34856    36.34856    30.77244
 .12852E+09        5630.00      36.34592    36.34592    30.76910
 .12852E+09        5650.00      36.34219    36.34219    30.76574
 .12852E+09        5670.00      36.33718    36.33718    30.76234
 .12852E+09        5690.00      36.33513    36.33513    30.75892
 .12852E+09        5710.00      36.32961    36.32961    30.75678
 .12852E+09        5730.00      36.32944    36.32944    30.75592
 .12852E+09        5750.00      36.32474    36.32473    30.75507
 .12852E+09        5770.00      36.32173    36.32173    30.75421
 .12852E+09        5790.00      36.31711    36.31711    30.75336
 .12852E+09        5810.00      36.31453    36.31452    30.75249
 .12852E+09        5830.00      36.31178    36.31178    30.75163
 .12852E+09        5850.00      36.30695    36.30695    30.75077
 .12852E+09        5870.00      36.30122    36.30122    30.74990
 .12852E+09        5890.00      36.29662    36.29662    30.74904
 .12852E+09        5910.00      36.29652    36.29652    30.74817
 .12852E+09        5930.00      36.29329    36.29329    30.74730
 .12852E+09        5950.00      36.28989    36.28989    30.74643
 .12852E+09        5970.00      36.28690    36.28689    30.74555
 .12852E+09        5990.00      36.28295    36.28295    30.74468
 .12852E+09        6010.00      36.27874    36.27874    30.74380
 .12852E+09        6030.00      36.27591    36.27591    30.74292
 .12852E+09        6050.00      36.27380    36.27380    30.74204
 .12852E+09        6070.00      36.26981    36.26981    30.74116
 .12852E+09        6090.00      36.26570    36.26570    30.74027
 .12852E+09        6110.00      36.26205    36.26205    30.73939
 .12852E+09        6130.00      36.25608    36.25608    30.73850
 .12852E+09        6150.00      36.25401    36.25401    30.73761
 .12852E+09        6170.00      36.24977    36.24977    30.73672
 .12852E+09        6190.00      36.24879    36.24879    30.73582
 .12852E+09        6210.00      36.24564    36.24564    30.73493
 .12852E+09        6230.00      36.24078    36.24078    30.73403
 .12852E+09        6250.00      36.23495    36.23495    30.73314
 .12852E+09        6270.00      36.23566    36.23566    30.73223
 .12852E+09        6290.00      36.23240    36.23240    30.73133
 .12852E+09        6310.00      36.22744    36.22744    30.73043
 .12852E+09        6330.00      36.22533    36.22533    30.72952
 .12852E+09        6350.00      36.22206    36.22206    30.72861
 .12852E+09        6370.00      36.21920    36.21920    30.72770
 .12852E+09        6390.00      36.21639    36.21639    30.72679
 .12852E+09        6410.00      36.21130    36.21130    30.72587
 .12852E+09        6430.00      36.20890    36.20890    30.72496
 .12852E+09        6450.00      36.20575    36.20574    30.72404
 .12852E+09        6470.00      36.20243    36.20242    30.72312
 .12852E+09        6490.00      36.19668    36.19667    30.72220
 .12852E+09        6510.00      36.19496    36.19496    30.72128
 .12852E+09        6530.00      36.18891    36.18891    30.72035
 .12852E+09        6550.00      36.15791    36.15791    30.71942
 .12852E+09        6570.00      36.09418    36.09418    30.71849
 .12852E+09        6590.00      36.17290    36.17289    30.71756
 .12852E+09        6610.00      36.17884    36.17884    30.71663
 .12852E+09        6630.00      36.17800    36.17800    30.71569
 .12852E+09        6650.00      36.17542    36.17542    30.71475
 .12852E+09        6670.00      36.17120    36.17120    30.71381
 .12852E+09        6690.00      36.16996    36.16995    30.71287
 .12852E+09        6710.00      36.16623    36.16623    30.71193
 .12852E+09        6730.00      36.16429    36.16429    30.71098
 .12852E+09        6750.00      36.16049    36.16048    30.71003
 .12852E+09        6770.00      36.15786    36.15786    30.70908
 .12852E+09        6790.00      36.15475    36.15474    30.70813
 .12852E+09        6810.00      36.15161    36.15161    30.70718
 .12852E+09        6830.00      36.14904    36.14904    30.70622
 .12852E+09        6850.00      36.14489    36.14489    30.70526
 .12852E+09        6870.00      36.14249    36.14249    30.70430
 .12852E+09        6890.00      36.14027    36.14027    30.70334
 .12852E+09        6910.00      36.13673    36.13673    30.70237
 .12852E+09        6930.00      36.13388    36.13388    30.70140
 .12852E+09        6950.00      36.13026    36.13026    30.70044
 .12852E+09        6970.00      36.12787    36.12787    30.69946
 .12852E+09        6990.00      36.12460    36.12460    30.69849
 .12852E+09        7010.00      36.12053    36.12053    30.69748
 .12852E+09        7030.00      36.11854    36.11854    30.69645
 .12852E+09        7050.00      36.11590    36.11589    30.69540
 .12852E+09        7070.00      36.11186    36.11186    30.69436
 .12852E+09        7090.00      36.10961    36.10961    30.69332
 .12852E+09        7110.00      36.10653    36.10653    30.69227
 .12852E+09        7130.00      36.10298    36.10297    30.69122
 .12852E+09        7150.00      36.10009    36.10009    30.69016
 .12852E+09        7170.00      36.09796    36.09796    30.68911
 .12852E+09        7190.00      36.09299    36.09299    30.68805
 .12852E+09        7210.00      36.09112    36.09112    30.68699
 .12852E+09        7230.00      36.08926    36.08926    30.68592
 .12852E+09        7250.00      36.08681    36.08681    30.68486
 .12852E+09        7270.00      36.08389    36.08389    30.68379
 .12852E+09        7290.00      36.07928    36.07927    30.68271
 .12852E+09        7310.00      36.07754    36.07754    30.68164
 .12852E+09        7330.00      36.07489    36.07489    30.68056
 .12852E+09        7350.00      36.07245    36.07244    30.67948
 .12852E+09        7370.00      36.07027    36.07027    30.67840
 .12852E+09        7390.00      36.06617    36.06617    30.67731
 .12852E+09        7410.00      36.06116    36.06116    30.67623
 .12852E+09        7430.00      36.06056    36.06056    30.67514
 .12852E+09        7450.00      36.05825    36.05825    30.67404
 .12852E+09        7470.00      36.05565    36.05564    30.67295
 .12852E+09        7490.00      36.05254    36.05254    30.67185
 .12852E+09        7510.00      36.04992    36.04992    30.67075
 .12852E+09        7530.00      36.04765    36.04765    30.66964
 .12852E+09        7550.00      36.04553    36.04553    30.66854
 .12852E+09        7570.00      36.04229    36.04229    30.66743
 .12852E+09        7590.00      36.03934    36.03934    30.66631
 .12852E+09        7610.00      36.03685    36.03685    30.66520
 .12852E+09        7630.00      36.03433    36.03433    30.66408
 .12852E+09        7650.00      36.03185    36.03184    30.66296
 .12852E+09        7670.00      36.02700    36.02700    30.66183
 .12852E+09        7690.00      36.02663    36.02663    30.66071
 .12852E+09        7710.00      36.02186    36.02186    30.65957
 .12852E+09        7730.00      36.02035    36.02034    30.65844
 .12852E+09        7750.00      36.01709    36.01708    30.65730
 .12852E+09        7770.00      36.01399    36.01398    30.65617
 .12852E+09        7790.00      36.01289    36.01289    30.65502
 .12852E+09        7810.00      36.01085    36.01085    30.65388
 .12852E+09        7830.00      36.00723    36.00722    30.65273
 .12852E+09        7850.00      36.00453    36.00452    30.65158
 .12852E+09        7870.00      36.00257    36.00257    30.65042
 .12852E+09        7890.00      35.99916    35.99916    30.64927
 .12852E+09        7910.00      35.99569    35.99569    30.64811
 .12852E+09        7930.00      35.99234    35.99234    30.64694
 .12852E+09        7950.00      35.98944    35.98944    30.64577
 .12852E+09        7970.00      35.98904    35.98904    30.64460
 .12852E+09        7990.00      35.98616    35.98616    30.64343
 .12852E+09        8010.00      35.98291    35.98291    30.64226
 .12852E+09        8030.00      35.98099    35.98099    30.64108
 .12852E+09        8050.00      35.97754    35.97754    30.63989
 .12852E+09        8070.00      35.97581    35.97581    30.63871
 .12852E+09        8090.00      35.97201    35.97200    30.63752
 .12852E+09        8110.00      35.97033    35.97033    30.63633
 .12852E+09        8130.00      35.96826    35.96826    30.63513
 .12852E+09        8150.00      35.96569    35.96569    30.63393
 .12852E+09        8170.00      35.96318    35.96318    30.63273
 .12852E+09        8190.00      35.95847    35.95847    30.63152
 .12852E+09        8210.00      35.95752    35.95751    30.29880
 .12852E+09        8230.00      35.95508    35.95508    30.29815
 .12852E+09        8250.00      35.95364    35.95363    30.29750
 .12852E+09        8270.00      35.95197    35.95196    30.29684
 .12852E+09        8290.00      35.94830    35.94830    30.29619
 .12852E+09        8310.00      35.94332    35.94332    30.29554
 .12852E+09        8330.00      35.93740    35.93740    30.29488
 .12852E+09        8350.00      35.93611    35.93610    30.29422
 .12852E+09        8370.00      35.93128    35.93128    30.29356
 .12852E+09        8390.00      35.92632    35.92632    30.29291
 .12852E+09        8410.00      35.92626    35.92626    30.29225
 .12852E+09        8430.00      35.92578    35.92577    30.29158
 .12852E+09        8450.00      35.92591    35.92591    30.29092
 .12852E+09        8470.00      35.91279    35.91279    30.29026
 .12852E+09        8490.00      35.92868    35.92868    30.28960
 .12852E+09        8510.00      35.90054    35.90054    30.28893
 .12852E+09        8530.00      35.92976    35.92976    30.28827
 .12852E+09        8550.00      35.87394    35.87394    30.28760
 .12852E+09        8570.00      35.93416    35.93416    30.28693
 .12852E+09        8590.00      35.91018    35.91018    30.28626
 .12852E+09        8610.00      35.90204    35.90204    30.28559
 .12852E+09        8630.00      35.93264    35.93263    30.28492
 .12852E+09        8650.00      35.91914    35.91914    30.28424
 .12852E+09        8670.00      35.85726    35.85726    30.28357
 .12852E+09        8690.00      35.91975    35.91975    30.28290
 .12852E+09        8710.00      35.92780    35.92780    30.28222
 .12852E+09        8730.00      35.91766    35.91766    30.28155
 .12852E+09        8750.00      35.86596    35.86596    30.28087
 .12852E+09        8770.00      35.90549    35.90549    30.28019
 .12852E+09        8790.00      35.91920    35.91920    30.27951
 .12852E+09        8810.00      35.91711    35.91711    30.27883
 .12852E+09        8830.00      35.91207    35.91207    30.27815
 .12852E+09        8850.00      35.89031    35.89031    30.27747
 .12852E+09        8870.00      35.85313    35.85313    30.27678
 .12852E+09        8890.00      35.90120    35.90120    30.27610
 .12852E+09        8910.00      35.90708    35.90708    30.27541
 .12852E+09        8930.00      35.90554    35.90554    30.27472
 .12852E+09        8950.00      35.90339    35.90339    30.27403
 .12852E+09        8970.00      35.90006    35.90006    30.27335
 .12852E+09        8990.00      35.89094    35.89094    30.27266
 .12852E+09        9010.00      35.84095    35.84095    30.27196
 .12852E+09        9030.00      35.86283    35.86282    30.27127
 .12852E+09        9050.00      35.88773    35.88773    30.27058
 .12852E+09        9070.00      35.88759    35.88759    30.26988
 .12852E+09        9090.00      35.88319    35.88319    30.26918
 .12852E+09        9110.00      35.88486    35.88486    30.26849
 .12852E+09        9130.00      35.88380    35.88380    30.26779
 .12852E+09        9150.00      35.88152    35.88151    30.26709
 .12852E+09        9170.00      35.87818    35.87818    30.26639
 .12852E+09        9190.00      35.87370    35.87370    30.26569
 .12852E+09        9210.00      35.85801    35.85801    30.26499
 .12852E+09        9230.00      35.80892    35.80891    30.26428
 .12852E+09        9250.00      35.84897    35.84897    30.26358
 .12852E+09        9270.00      35.86124    35.86124    30.26287
 .12852E+09        9290.00      35.86406    35.86405    30.26216
 .12852E+09        9310.00      35.86319    35.86319    30.26146
 .12852E+09        9330.00      35.86119    35.86119    30.26075
 .12852E+09        9350.00      35.85874    35.85874    30.26003
 .12852E+09        9370.00      35.85558    35.85558    30.25932
 .12852E+09        9390.00      35.85433    35.85433    30.25861
 .12852E+09        9410.00      35.84821    35.84821    30.25790
 .12852E+09        9430.00      35.84958    35.84958    30.25718
 .12852E+09        9450.00      35.84642    35.84642    30.25646
 .12852E+09        9470.00      35.84452    35.84452    30.25574
 .12852E+09        9490.00      35.84128    35.84128    30.25503
 .12852E+09        9510.00      35.83559    35.83559    30.25431
 .12852E+09        9530.00      35.81924    35.81924    30.25358
 .12852E+09        9550.00      35.77536    35.77536    30.25286
 .12852E+09        9570.00      35.81813    35.81813    30.25214
 .12852E+09        9590.00      35.82767    35.82767    30.25141
 .12852E+09        9610.00      35.82686    35.82686    30.25069
 .12852E+09        9630.00      35.82491    35.82491    30.24996
 .12852E+09        9650.00      35.82300    35.82299    30.24923
 .12852E+09        9670.00      35.82042    35.82042    30.24850
 .12852E+09        9690.00      35.82015    35.82014    30.24777
 .12852E+09        9710.00      35.81757    35.81757    30.24704
 .12852E+09        9730.00      35.81548    35.81548    30.24630
 .12852E+09        9750.00      35.81266    35.81266    30.24557
 .12852E+09        9770.00      35.81097    35.81097    30.24483
 .12852E+09        9790.00      35.80815    35.80815    30.24409
 .12852E+09        9810.00      35.80702    35.80702    30.24335
 .12852E+09        9830.00      35.80502    35.80501    30.24262
 .12852E+09        9850.00      35.80270    35.80270    30.24187
 .12852E+09        9870.00      35.79995    35.79995    30.24113
 .12852E+09        9890.00      35.79745    35.79745    30.24039
 .12852E+09        9910.00      35.79565    35.79565    30.23964
 .12852E+09        9930.00      35.79356    35.79355    30.23890
 .12852E+09        9950.00      35.79146    35.79146    30.23815
 .12852E+09        9970.00      35.78885    35.78885    30.23740
 .12852E+09        9990.00      35.78561    35.78561    30.23665
 .12852E+09       10025.00      35.76770    35.76770    30.23534
 .12852E+09       10075.00      35.75520    35.75520    30.23345
 .12852E+09       10125.00      35.77088    35.77087    30.23155
 .12852E+09       10175.00      35.76639    35.76639    30.22965
 .12852E+09       10225.00      35.76150    35.76150    30.22774
 .12852E+09       10275.00      35.75692    35.75692    30.22582
 .12852E+09       10325.00      35.75012    35.75012    30.22389
 .12852E+09       10375.00      35.74537    35.74537    30.22195
 .12852E+09       10425.00      35.74092    35.74092    30.22001
 .12852E+09       10475.00      35.73475    35.73475    30.21805
 .12852E+09       10525.00      35.73052    35.73052    30.21609
 .12852E+09       10575.00      35.72492    35.72492    30.21412
 .12852E+09       10625.00      35.71917    35.71917    30.21214
 .12852E+09       10675.00      35.71206    35.71206    30.21015
 .12852E+09       10725.00      35.70872    35.70872    30.20815
 .12852E+09       10775.00      35.70314    35.70314    30.20614
 .12852E+09       10825.00      35.69646    35.69646    30.20412
 .12852E+09       10875.00      35.69106    35.69106    30.20209
 .12852E+09       10925.00      35.66194    35.66194    30.20005
 .12852E+09       10975.00      35.67408    35.67408    30.19801
 .12852E+09       11025.00      35.67850    35.67850    30.19595
 .12852E+09       11075.00      35.67481    35.67480    30.19389
 .12852E+09       11125.00      35.66959    35.66959    30.19181
 .12852E+09       11175.00      35.66431    35.66430    30.18972
 .12852E+09       11225.00      35.66018    35.66018    30.18763
 .12852E+09       11275.00      35.65379    35.65379    30.18552
 .12852E+09       11325.00      35.64930    35.64930    30.18340
 .12852E+09       11375.00      35.64473    35.64473    30.18128
 .12852E+09       11425.00      35.63884    35.63884    30.17914
 .12852E+09       11475.00      35.63598    35.63598    30.17699
 .12852E+09       11525.00      35.63120    35.63120    30.17483
 .12852E+09       11575.00      35.62610    35.62610    30.17266
 .12852E+09       11625.00      35.61930    35.61930    30.17048
 .12852E+09       11675.00      35.61543    35.61543    30.16829
 .12852E+09       11725.00      35.61246    35.61246    30.16609
 .12852E+09       11775.00      35.60552    35.60552    30.16388
 .12852E+09       11825.00      35.60128    35.60128    30.16165
 .12852E+09       11875.00      35.59531    35.59531    30.15942
 .12852E+09       11925.00      35.59373    35.59373    30.15717
 .12852E+09       11975.00      35.58575    35.58575    30.15491
 .12852E+09       12025.00      35.58356    35.58356    30.15264
 .12852E+09       12075.00      35.57823    35.57823    30.15035
 .12852E+09       12125.00      35.57486    35.57486    30.14806
 .12852E+09       12175.00      35.57086    35.57085    30.14575
 .12852E+09       12225.00      35.56625    35.56625    30.14343
 .12852E+09       12275.00      35.56125    35.56125    30.14110
 .12852E+09       12325.00      35.55717    35.55717    30.13875
 .12852E+09       12375.00      35.55254    35.55253    30.13639
 .12852E+09       12425.00      35.54811    35.54810    30.13402
 .12852E+09       12475.00      35.54387    35.54387    30.13164
 .12852E+09       12525.00      35.53924    35.53924    30.12924
 .12852E+09       12575.00      35.53477    35.53477    30.12683
 .12852E+09       12625.00      35.53025    35.53025    30.12441
 .12852E+09       12675.00      35.52576    35.52576    30.12197
 .12852E+09       12725.00      35.52116    35.52116    30.11952
 .12852E+09       12775.00      35.51347    35.51347    30.11706
 .12852E+09       12825.00      35.48568    35.48568    30.11458
 .12852E+09       12875.00      35.50562    35.50562    30.11208
 .12852E+09       12925.00      35.50362    35.50362    30.10958
 .12852E+09       12975.00      35.50025    35.50024    30.10705
 .12852E+09       13025.00      35.49591    35.49591    30.10452
 .12852E+09       13075.00      35.49203    35.49203    30.10196
 .12852E+09       13125.00      35.48702    35.48702    30.09940
 .12852E+09       13175.00      35.48247    35.48247    30.09682
 .12852E+09       13225.00      35.47935    35.47934    30.09422
 .12852E+09       13275.00      35.47408    35.47408    30.09161
 .12852E+09       13325.00      35.47079    35.47079    30.08898
 .12852E+09       13375.00      35.46643    35.46643    30.08633
 .12852E+09       13425.00      35.46312    35.46312    30.08367
 .12852E+09       13475.00      35.45890    35.45890    30.08099
 .12852E+09       13525.00      35.45486    35.45486    30.07830
 .12852E+09       13575.00      35.44995    35.44995    30.07559
 .12852E+09       13625.00      35.44580    35.44580    30.07286
 .12852E+09       13675.00      35.44247    35.44247    30.07011
 .12852E+09       13725.00      35.43827    35.43827    30.06735
 .12852E+09       13775.00      35.43459    35.43459    30.06457
 .12852E+09       13825.00      35.43073    35.43073    30.06177
 .12852E+09       13875.00      35.42648    35.42648    30.05896
 .12852E+09       13925.00      35.42326    35.42326    30.05612
 .12852E+09       13975.00      35.41944    35.41944    30.05327
 .12852E+09       14025.00      35.41472    35.41472    30.05039
 .12852E+09       14075.00      35.41179    35.41178    30.04750
 .12852E+09       14125.00      35.40719    35.40719    30.04459
 .12852E+09       14175.00      35.40435    35.40435    30.04166
 .12852E+09       14225.00      35.39904    35.39904    30.03871
 .12852E+09       14275.00      35.39499    35.39499    30.03574
 .12852E+09       14325.00      35.39271    35.39271    30.03275
 .12852E+09       14375.00      35.38949    35.38949    30.02974
 .12852E+09       14425.00      35.38263    35.38263    30.02670
 .12852E+09       14475.00      35.38216    35.38216    30.02365
 .12852E+09       14525.00      35.37632    35.37632    30.02057
 .12852E+09       14570.00      35.37416    35.37416    30.01779
 .12852E+09       14620.00      35.37160    35.37160    29.84367
 .12852E+09       14675.00      35.36785    35.36785    29.84235
 .12852E+09       14725.00      35.36303    35.36303    29.84114
 .12852E+09       14775.00      35.35989    35.35989    29.83992
 .12852E+09       14825.00      35.35638    35.35637    29.83871
 .12852E+09       14875.00      35.35058    35.35058    29.83749
 .12852E+09       14925.00      35.34921    35.34921    29.83627
 .12852E+09       14975.00      35.34448    35.34448    29.83504
 .12852E+09       15025.00      35.33815    35.33814    29.83381
 .12852E+09       15075.00      35.33429    35.33429    29.83257
 .12852E+09       15125.00      35.33333    35.33333    29.83134
 .12852E+09       15175.00      35.33015    35.33015    29.83010
 .12852E+09       15225.00      35.32832    35.32832    29.82885
 .12852E+09       15275.00      35.32158    35.32158    29.82760
 .12852E+09       15325.00      35.31876    35.31876    29.82635
 .12852E+09       15375.00      35.31938    35.31938    29.82510
 .12852E+09       15425.00      35.31052    35.31052    29.82384
 .12852E+09       15475.00      35.31403    35.31402    29.82258
 .12852E+09       15525.00      35.31067    35.31067    29.82131
 .12852E+09       15575.00      35.29676    35.29676    29.82004
 .12852E+09       15625.00      35.30779    35.30779    29.81877
 .12852E+09       15675.00      35.29765    35.29765    29.81749
 .12852E+09       15725.00      35.28732    35.28732    29.81621
 .12852E+09       15775.00      35.29449    35.29449    29.81493
 .12852E+09       15825.00      35.29251    35.29251    29.81364
 .12852E+09       15875.00      35.26898    35.26898    29.81235
 .12852E+09       15925.00      35.28413    35.28413    29.81105
 .12852E+09       15975.00      35.28455    35.28455    29.80975
 .12852E+09       16050.00      35.27660    35.27659    29.80779
 .12852E+09       16150.00      35.26077    35.26077    29.80517
 .12852E+09       16250.00      35.26528    35.26528    29.80253
 .12852E+09       16350.00      35.25369    35.25369    29.79987
 .12852E+09       16450.00      35.23542    35.23542    29.79720
 .12852E+09       16550.00      35.24053    35.24053    29.79451
 .12852E+09       16650.00      35.23090    35.23090    29.79181
 .12852E+09       16750.00      35.21772    35.21772    29.78909
 .12852E+09       16850.00      35.19978    35.19978    29.78635
 .12852E+09       16950.00      35.20503    35.20503    29.78359
 .12852E+09       17050.00      35.19514    35.19514    29.78082
 .12852E+09       17150.00      35.18698    35.18698    29.77802
 .12852E+09       17250.00      35.17707    35.17706    29.77521
 .12852E+09       17350.00      35.15316    35.15316    29.77238
 .12852E+09       17450.00      35.15848    35.15848    29.76954
 .12852E+09       17550.00      35.15206    35.15206    29.76667
 .12852E+09       17650.00      35.14360    35.14359    29.76378
 .12852E+09       17750.00      35.13519    35.13519    29.76088
 .12852E+09       17850.00      35.12705    35.12704    29.75796
 .12852E+09       17950.00      35.11866    35.11866    29.75501
 .12852E+09       18050.00      35.10952    35.10951    29.75205
 .12852E+09       18150.00      35.08762    35.08762    29.74907
 .12852E+09       18250.00      35.09014    35.09014    29.74606
 .12852E+09       18350.00      35.08509    35.08509    29.74303
 .12852E+09       18450.00      35.07615    35.07615    29.73999
 .12852E+09       18550.00      35.06885    35.06884    29.73692
 .12852E+09       18650.00      35.05933    35.05933    29.73383
 .12852E+09       18750.00      35.03489    35.03489    29.73072
 .12852E+09       18850.00      35.04347    35.04347    29.72758
 .12852E+09       18950.00      35.03449    35.03449    29.72442
 .12852E+09       19050.00      35.02898    35.02898    29.72124
 .12852E+09       19150.00      35.02087    35.02087    29.71804
 .12852E+09       19250.00      35.01320    35.01320    29.71481
 .12852E+09       19350.00      35.00348    35.00348    29.71156
 .12852E+09       19450.00      34.98182    34.98182    29.70828
 .12852E+09       19550.00      34.98830    34.98830    29.70498
 .12852E+09       19650.00      34.98189    34.98189    29.70165
 .12852E+09       19750.00      34.97345    34.97345    29.69830
 .12852E+09       19850.00      34.96666    34.96666    29.69492
 .12852E+09       19950.00      34.95916    34.95915    29.69151
 .12852E+09       20050.00      34.95235    34.95235    29.68808
 .12852E+09       20150.00      34.94508    34.94508    29.68462
 .12852E+09       20250.00      34.93698    34.93698    29.68114
 .12852E+09       20350.00      34.92904    34.92903    29.67762
 .12852E+09       20450.00      34.92290    34.92289    29.67408
 .12852E+09       20550.00      34.91539    34.91539    29.67050
 .12852E+09       20650.00      34.90736    34.90736    29.66690
 .12852E+09       20750.00      34.90051    34.90051    29.66327
 .12852E+09       20850.00      34.89348    34.89348    29.65960
 .12852E+09       20950.00      34.88554    34.88554    29.65591
 .12852E+09       21050.00      34.87925    34.87925    29.65218
 .12852E+09       21150.00      34.87185    34.87185    29.64842
 .12852E+09       21250.00      34.86477    34.86477    29.64463
 .12852E+09       21350.00      34.85793    34.85793    29.64080
 .12852E+09       21450.00      34.85088    34.85088    29.63694
 .12852E+09       21550.00      34.84309    34.84309    29.63305
 .12852E+09       21650.00      34.82323    34.82323    29.62912
 .12852E+09       21750.00      34.82803    34.82802    29.62516
 .12852E+09       21850.00      34.82219    34.82218    29.62115
 .12852E+09       21950.00      34.81602    34.81602    29.61712
 .12852E+09       22050.00      34.80813    34.80813    29.61304
 .12852E+09       22150.00      34.80217    34.80216    29.60892
 .12852E+09       22250.00      34.79504    34.79504    29.60477
 .12852E+09       22350.00      34.78838    34.78838    29.60057
 .12852E+09       22450.00      34.78172    34.78172    29.59634
 .12852E+09       22550.00      34.77480    34.77480    29.59206
 .12852E+09       22650.00      34.76815    34.76815    29.58774
 .12852E+09       22750.00      34.76154    34.76153    29.58338
 .12852E+09       22850.00      34.75474    34.75474    29.48952
 .12852E+09       22950.00      34.73503    34.73503    29.48775
 .12852E+09       23050.00      34.73567    34.73566    29.48598
 .12852E+09       23150.00      34.73021    34.73021    29.48420
 .12852E+09       23250.00      34.70999    34.70999    29.48241
 .12852E+09       23350.00      34.71256    34.71256    29.48062
 .12852E+09       23450.00      34.70854    34.70854    29.47882
 .12852E+09       23550.00      34.68793    34.68793    29.47701
 .12852E+09       23650.00      34.69100    34.69100    29.47519
 .12852E+09       23750.00      34.68716    34.68716    29.47336
 .12852E+09       23850.00      34.66810    34.66809    29.47153
 .12852E+09       23950.00      34.66979    34.66979    29.46969
 .12852E+09       24050.00      34.66628    34.66628    29.46784
 .12852E+09       24150.00      34.65003    34.65002    29.46598
 .12852E+09       24250.00      34.65115    34.65115    29.46412
 .12852E+09       24350.00      34.64599    34.64599    29.46225
 .12852E+09       24450.00      34.63406    34.63406    29.46037
 .12852E+09       24550.00      34.63050    34.63050    29.45848
 .12852E+09       24650.00      34.62818    34.62818    29.45658
 .12852E+09       24750.00      34.61901    34.61901    29.45467
 .12852E+09       24850.00      34.61231    34.61231    29.45276
 .12852E+09       24950.00      34.60608    34.60608    29.45084
 .12852E+09       25050.00      34.60857    34.60857    29.44891
 .12852E+09       25150.00      34.59518    34.59517    29.44696
 .12852E+09       25250.00      34.58760    34.58759    29.44502
 .12852E+09       25350.00      34.58826    34.58825    29.44306
 .12852E+09       25450.00      34.58134    34.58133    29.44109
 .12852E+09       25550.00      34.57480    34.57479    29.43912
 .12852E+09       25650.00      34.56357    34.56357    29.43714
 .12852E+09       25750.00      34.56554    34.56554    29.43514
 .12852E+09       25850.00      34.55672    34.55672    29.43314
 .12852E+09       25950.00      34.55346    34.55346    29.43113
 .12852E+09       26050.00      34.54643    34.54643    29.42911
 .12852E+09       26150.00      34.53362    34.53362    29.42708
 .12852E+09       26250.00      34.52348    34.52348    29.42504
 .12852E+09       26350.00      34.52934    34.52934    29.42299
 .12852E+09       26450.00      34.52556    34.52555    29.42093
 .12852E+09       26550.00      34.51908    34.51908    29.41886
 .12852E+09       26650.00      34.51101    34.51101    29.41678
 .12852E+09       26750.00      34.50044    34.50044    29.41469
 .12852E+09       26850.00      34.50236    34.50236    29.41259
 .12852E+09       26950.00      34.49703    34.49703    29.41048
 .12852E+09       27050.00      34.49208    34.49207    29.40836
 .12852E+09       27150.00      34.48658    34.48657    29.40623
 .12852E+09       27250.00      34.48124    34.48123    29.40409
 .12852E+09       27350.00      34.47482    34.47482    29.40194
 .12852E+09       27450.00      34.46925    34.46924    29.39978
 .12852E+09       27550.00      34.45592    34.45592    29.39761
 .12852E+09       27650.00      34.45559    34.45559    29.39542
 .12852E+09       27750.00      34.45251    34.45250    29.39323
 .12852E+09       27850.00      34.44731    34.44731    29.39103
 .12852E+09       27950.00      34.44238    34.44238    29.38881
 .12852E+09       28050.00      34.43660    34.43660    29.38658
 .12852E+09       28150.00      34.43088    34.43087    29.38434
 .12852E+09       28250.00      34.42531    34.42531    29.38209
 .12852E+09       28350.00      34.41998    34.41998    29.37983
 .12852E+09       28450.00      34.41425    34.41424    29.37755
 .12852E+09       28550.00      34.40850    34.40850    29.37526
 .12852E+09       28650.00      34.40109    34.40109    29.37296
 .12852E+09       28750.00      34.38789    34.38789    29.37066
 .12852E+09       28850.00      34.39136    34.39136    29.36833
 .12852E+09       28950.00      34.38671    34.38671    29.36599
 .12852E+09       29050.00      34.38130    34.38130    29.36365
 .12852E+09       29150.00      34.37590    34.37589    29.36128
 .12852E+09       29250.00      34.37024    34.37024    29.35891
 .12852E+09       29350.00      34.36529    34.36528    29.35652
 .12852E+09       29450.00      34.35927    34.35927    29.35412
 .12852E+09       29550.00      34.35411    34.35410    29.35171
 .12852E+09       29650.00      34.34889    34.34888    29.34928
 .12852E+09       29750.00      34.34341    34.34341    29.34684
 .12852E+09       29850.00      34.33797    34.33796    29.34438
 .12852E+09       29950.00      34.33265    34.33264    29.34192
 .12852E+09       30050.00      34.32722    34.32721    29.33943
 .12852E+09       30150.00      34.32194    34.32194    29.33693
 .12852E+09       30250.00      34.31598    34.31597    29.33442
 .12852E+09       30350.00      34.30286    34.30286    29.33190
 .12852E+09       30450.00      34.30197    34.30197    29.32936
 .12852E+09       30550.00      34.30023    34.30023    29.32680
 .12852E+09       30650.00      34.29520    34.29519    29.32423
 .12852E+09       30750.00      34.29020    34.29019    29.32164
 .12852E+09       30850.00      34.28480    34.28480    29.31904
 .12852E+09       30950.00      34.27951    34.27951    29.31642
 .12852E+09       31050.00      34.27449    34.27449    29.31379
 .12852E+09       31150.00      34.26834    34.26833    29.31114
 .12852E+09       31250.00      34.26400    34.26399    29.30847
 .12852E+09       31350.00      34.25888    34.25887    29.30579
 .12852E+09       31450.00      34.25367    34.25367    29.30309
 .12852E+09       31550.00      34.24810    34.24809    29.30037
 .12852E+09       31650.00      34.24336    34.24335    29.29764
 .12852E+09       31750.00      34.23826    34.23825    29.29489
 .12852E+09       31850.00      34.23317    34.23316    29.29212
 .12852E+09       31950.00      34.22811    34.22811    29.28934
 .12852E+09       32100.00      34.22043    34.22043    29.28513
 .12852E+09       32300.00      34.21039    34.21039    29.27945
 .12852E+09       32500.00      34.20027    34.20027    29.27369
 .12852E+09       32700.00      34.19010    34.19009    29.26786
 .12852E+09       32900.00      34.17416    34.17416    29.21259
 .12852E+09       33100.00      34.16876    34.16875    29.20978
 .12852E+09       33300.00      34.15989    34.15988    29.20695
 .12852E+09       33500.00      34.15039    34.15039    29.20409
 .12852E+09       33700.00      34.14050    34.14050    29.20123
 .12852E+09       33900.00      34.13058    34.13057    29.19834
 .12852E+09       34100.00      34.12093    34.12093    29.19543
 .12852E+09       34300.00      34.11177    34.11177    29.19250
 .12852E+09       34500.00      34.10204    34.10204    29.18955
 .12852E+09       34700.00      34.09253    34.09253    29.18658
 .12852E+09       34900.00      34.08303    34.08302    29.18359
 .12852E+09       35100.00      34.07372    34.07371    29.18058
 .12852E+09       35300.00      34.06418    34.06417    29.17756
 .12852E+09       35500.00      34.05484    34.05483    29.17450
 .12852E+09       35700.00      34.04532    34.04531    29.17143
 .12852E+09       35900.00      34.03676    34.03675    29.16833
 .12852E+09       36100.00      34.02672    34.02671    29.16522
 .12852E+09       36300.00      34.01883    34.01883    29.16208
 .12852E+09       36500.00      34.00817    34.00816    29.15891
 .12852E+09       36700.00      34.00056    34.00055    29.15573
 .12852E+09       36900.00      33.98946    33.98945    29.15252
 .12852E+09       37100.00      33.98226    33.98225    29.14929
 .12852E+09       37300.00      33.97139    33.97139    29.14603
 .12852E+09       37500.00      33.95873    33.95873    29.14275
 .12852E+09       37700.00      33.95613    33.95612    29.13944
 .12852E+09       37900.00      33.94759    33.94759    29.13611
 .12852E+09       38100.00      33.93710    33.93709    29.13275
 .12852E+09       38300.00      33.92907    33.92906    29.12936
 .12852E+09       38500.00      33.92189    33.92188    29.12595
 .12852E+09       38700.00      33.91326    33.91325    29.12251
 .12852E+09       38900.00      33.90417    33.90417    29.11905
 .12852E+09       39100.00      33.89288    33.89287    29.11555
 .12852E+09       39300.00      33.88764    33.88763    29.11203
 .12852E+09       39500.00      33.87923    33.87923    29.10848
 .12852E+09       39700.00      33.87101    33.87101    29.10490
 .12852E+09       39900.00      33.86217    33.86216    29.10129
 .12852E+09       40100.00      33.85242    33.85241    29.09765
 .12852E+09       40300.00      33.84328    33.84328    29.09398
 .12852E+09       40500.00      33.83218    33.83217    29.09028
 .12852E+09       40700.00      33.82919    33.82918    29.08655
 .12852E+09       40900.00      33.82138    33.82137    29.08278
 .12852E+09       41100.00      33.81342    33.81341    29.07898
 .12852E+09       41300.00      33.80523    33.80522    29.07515
 .12852E+09       41500.00      33.79683    33.79682    29.07128
 .12852E+09       41700.00      33.78506    33.78505    29.06738
 .12852E+09       41900.00      33.78078    33.78078    29.06345
 .12852E+09       42100.00      33.77275    33.77274    29.05947
 .12852E+09       42300.00      33.76560    33.76559    29.05546
 .12852E+09       42500.00      33.75733    33.75732    29.05141
 .12852E+09       42700.00      33.74974    33.74973    29.04733
 .12852E+09       42900.00      33.73431    33.73430    29.04321
 .12852E+09       43100.00      33.72114    33.72113    29.03904
 .12852E+09       43300.00      33.71798    33.71797    29.03484
 .12852E+09       43500.00      33.70134    33.70133    29.03060
 .12852E+09       43700.00      33.68945    33.68944    29.02631
 .12852E+09       43900.00      33.68542    33.68542    29.02198
 .12852E+09       44100.00      33.66988    33.66988    29.01761
 .12852E+09       44300.00      33.66539    33.66537    29.01319
 .12852E+09       44500.00      33.65730    33.65729    29.00873
 .12852E+09       44700.00      33.64238    33.64236    28.97346
 .12852E+09       44900.00      33.64108    33.64106    28.97342
 .12852E+09       45100.00      33.63164    33.63163    28.97337
 .12852E+09       45300.00      33.61872    33.61871    28.97333
 .12852E+09       45500.00      33.61539    33.61538    28.97328
 .12852E+09       45700.00      33.60967    33.60966    28.97324
 .12852E+09       45900.00      33.59571    33.59570    28.97319
 .12852E+09       46100.00      33.59383    33.59382    28.97315
 .12852E+09       46300.00      33.58532    33.58531    28.97310
 .12852E+09       46500.00      33.57455    33.57454    28.97306
 .12852E+09       46700.00      33.56868    33.56867    28.97301
 .12852E+09       46900.00      33.56594    33.56593    28.97297
 .12852E+09       47100.00      33.55876    33.55875    28.97293
 .12852E+09       47300.00      33.55587    33.55586    28.97288
 .12852E+09       47500.00      33.54734    33.54733    28.97284
 .12852E+09       47700.00      33.54076    33.54075    28.97279
 .12852E+09       47900.00      33.53480    33.53479    28.97275
 .12852E+09       48100.00      33.52557    33.52556    28.97270
 .12852E+09       48300.00      33.52326    33.52325    28.97266
 .12852E+09       48500.00      33.51557    33.51556    28.97261
 .12852E+09       48700.00      33.50734    33.50732    28.97257
 .12852E+09       48900.00      33.50175    33.50174    28.97253
 .12852E+09       49100.00      33.49482    33.49480    28.97248
 .12852E+09       49300.00      33.48809    33.48808    28.97243
 .12852E+09       49500.00      33.48127    33.48126    28.97239
 .12852E+09       49700.00      33.47548    33.47547    28.97235
 .12852E+09       49900.00      33.46915    33.46914    28.97230
 .12852E+09       50100.00      33.46346    33.46345    28.97226
 .12852E+09       50300.00      33.45699    33.45698    28.97221
 .12852E+09       50500.00      33.44823    33.44822    28.97217
 .12852E+09       50700.00      33.44275    33.44273    28.97212
 .12852E+09       50900.00      33.43748    33.43746    28.97208
 .12852E+09       51100.00      33.42898    33.42896    28.97203
 .12852E+09       51300.00      33.41934    33.41933    28.97199
 .12852E+09       51500.00      33.41711    33.41710    28.97195
 .12852E+09       51700.00      33.41396    33.41395    28.97190
 .12852E+09       51900.00      33.40559    33.40557    28.97186
 .12852E+09       52100.00      33.39941    33.39939    28.97181
 .12852E+09       52300.00      33.39298    33.39296    28.97177
 .12852E+09       52500.00      33.38818    33.38816    28.97172
 .12852E+09       52700.00      33.38366    33.38364    28.97168
 .12852E+09       52900.00      33.37436    33.37434    28.97163
 .12852E+09       53100.00      33.36883    33.36881    28.97159
 .12852E+09       53300.00      33.36330    33.36329    28.97155
 .12852E+09       53500.00      33.35755    33.35753    28.97150
 .12852E+09       53700.00      33.35200    33.35198    28.97145
 .12852E+09       53900.00      33.34629    33.34628    28.97141
 .12852E+09       54100.00      33.34010    33.34008    28.97137
 .12852E+09       54300.00      33.33262    33.33260    28.97132
 .12852E+09       54500.00      33.32843    33.32841    28.97128
 .12852E+09       54700.00      33.32222    33.32220    28.97123
 .12852E+09       54900.00      33.31607    33.31605    28.97119
 .12852E+09       55100.00      33.31035    33.31033    28.97114
 .12852E+09       55300.00      33.30723    33.30721    28.97110
 .12852E+09       55500.00      33.29799    33.29797    28.97105
 .12852E+09       55700.00      33.29504    33.29501    28.97101
 .12852E+09       55900.00      33.28784    33.28782    28.97096
 .12852E+09       56100.00      33.28256    33.28254    28.97092
 .12852E+09       56300.00      33.27584    33.27582    28.97087
 .12852E+09       56500.00      33.27163    33.27161    28.97083
 .12852E+09       56700.00      33.26569    33.26567    28.97079
 .12852E+09       56900.00      33.25854    33.25853    28.97074
 .12852E+09       57100.00      33.25468    33.25465    28.97070
 .12852E+09       57300.00      33.24873    33.24870    28.97065
 .12852E+09       57500.00      33.24316    33.24314    28.97061
 .12852E+09       57700.00      33.23711    33.23708    28.97056
 .12852E+09       57900.00      33.23259    33.23257    28.97052
 .12852E+09       58100.00      33.22607    33.22605    28.97047
 .12852E+09       58300.00      33.22072    33.22070    28.97043
 .12852E+09       58500.00      33.21574    33.21571    28.97038
 .12852E+09       58700.00      33.20939    33.20937    28.97034
 .12852E+09       58900.00      33.20349    33.20346    28.97029
 .12852E+09       59100.00      33.19415    33.19412    28.97025
 .12852E+09       59300.00      33.19298    33.19295    28.97020
 .12852E+09       59500.00      33.18755    33.18753    28.97016
 .12852E+09       59700.00      33.18275    33.18272    28.97012
 .12852E+09       59900.00      33.17724    33.17721    28.97007
 .12852E+09       60100.00      33.17188    33.17185    28.97002
 .12852E+09       60300.00      33.16635    33.16632    28.96998
 .12852E+09       60500.00      33.16017    33.16014    28.96994
 .12852E+09       60700.00      33.15487    33.15484    28.96989
 .12852E+09       60900.00      33.14964    33.14960    28.96984
 .12852E+09       61100.00      33.14377    33.14374    28.96980
 .12852E+09       61300.00      33.13882    33.13879    28.96976
 .12852E+09       61500.00      33.13353    33.13350    28.96971
 .12852E+09       61700.00      33.12851    33.12848    28.96967
 .12852E+09       61900.00      33.12330    33.12327    28.96962
 .12852E+09       62100.00      33.11808    33.11805    28.96958
 .12852E+09       62300.00      33.11243    33.11240    28.96953
 .12852E+09       62500.00      33.10674    33.10671    28.96949
 .12852E+09       62700.00      33.10160    33.10157    28.96944
 .12852E+09       62900.00      33.09632    33.09629    28.96940
 .12852E+09       63100.00      33.09102    33.09098    28.96935
 .12852E+09       63300.00      33.08628    33.08625    28.96931
 .12852E+09       63500.00      33.08063    33.08059    28.96926
 .12852E+09       63700.00      33.07596    33.07592    28.96922
 .12852E+09       63900.00      33.07000    33.06996    28.96917
 .12852E+09       64200.00      33.06256    33.06253    28.96911
 .12852E+09       64600.00      33.05206    33.05202    28.96902
 .12852E+09       65000.00      33.04189    33.04185    28.96893
 .12852E+09       65400.00      33.03144    33.03141    28.96884
 .12852E+09       65800.00      33.02137    33.02134    28.96875
 .12852E+09       66200.00      33.01107    33.01103    28.96866
 .12852E+09       66600.00      33.00097    33.00093    28.96857
 .12852E+09       67000.00      32.99102    32.99098    28.96848
 .12852E+09       67400.00      32.98087    32.98083    28.96839
 .12852E+09       67800.00      32.97087    32.97083    28.96830
 .12852E+09       68200.00      32.96094    32.96090    28.96821
 .12852E+09       68600.00      32.95113    32.95108    28.96812
 .12852E+09       69000.00      32.94125    32.94120    28.96803
 .12852E+09       69400.00      32.93143    32.93139    28.96794
 .12852E+09       69800.00      32.92176    32.92171    28.96785
 .12852E+09       70200.00      32.91198    32.91193    28.96776
 .12852E+09       70600.00      32.90247    32.90242    28.96767
 .12852E+09       71000.00      32.89272    32.89267    28.96758
 .12852E+09       71400.00      32.88324    32.88319    28.96749
 .12852E+09       71800.00      32.87370    32.87365    28.96740
 .12852E+09       72200.00      32.86427    32.86422    28.96731
 .12852E+09       72600.00      32.85482    32.85476    28.96722
 .12852E+09       73000.00      32.84551    32.84545    28.96713
 .12852E+09       73400.00      32.83619    32.83613    28.96704
 .12852E+09       73800.00      32.82700    32.82694    28.96695
 .12852E+09       74200.00      32.81763    32.81757    28.96686
 .12852E+09       74600.00      32.80561    32.80555    28.96677
 .12852E+09       75000.00      32.79673    32.79667    28.96668
 .12852E+09       75400.00      32.79031    32.79024    28.96659
 .12852E+09       75800.00      32.78152    32.78146    28.96650
 .12852E+09       76200.00      32.77256    32.77249    28.96641
 .12852E+09       76600.00      32.76368    32.76361    28.96632
 .12852E+09       77000.00      32.75474    32.75467    28.96622
 .12852E+09       77400.00      32.74592    32.74585    28.96614
 .12852E+09       77800.00      32.73717    32.73710    28.96605
 .12852E+09       78200.00      32.72827    32.72819    28.96595
 .12852E+09       78600.00      32.71959    32.71951    28.96586
 .12852E+09       79000.00      32.71093    32.71085    28.96577
 .12852E+09       79400.00      32.70234    32.70226    28.96568
 .12852E+09       79800.00      32.69379    32.69371    28.96559
 .12852E+09       80200.00      32.68520    32.68512    28.96550
 .12852E+09       80600.00      32.67673    32.67665    28.96541
 .12852E+09       81000.00      32.66828    32.66819    28.96532
 .12852E+09       81400.00      32.65986    32.65977    28.96523
 .12852E+09       81800.00      32.65154    32.65144    28.96514
 .12852E+09       82200.00      32.64326    32.64317    28.96505
 .12852E+09       82600.00      32.63493    32.63483    28.96496
 .12852E+09       83000.00      32.62670    32.62661    28.96487
 .12852E+09       83400.00      32.61839    32.61829    28.96478
 .12852E+09       83800.00      32.61034    32.61024    28.96469
 .12852E+09       84200.00      32.60222    32.60212    28.96460
 .12852E+09       84600.00      32.59408    32.59398    28.96450
 .12852E+09       85000.00      32.58606    32.58595    28.96441
 .12852E+09       85400.00      32.57799    32.57788    28.96432
 .12852E+09       85800.00      32.56995    32.56985    28.96423
 .12852E+09       86200.00      32.56208    32.56197    28.96414
 .12852E+09       86600.00      32.55403    32.55391    28.96405
 .12852E+09       87000.00      32.54622    32.54610    28.96396
 .12852E+09       87400.00      32.53830    32.53819    28.96387
 .12852E+09       87800.00      32.53051    32.53039    28.96378
 .12852E+09       88200.00      32.52275    32.52264    28.96369
 .12852E+09       88600.00      32.51498    32.51485    28.96360
 .12852E+09       89000.00      32.50739    32.50726    28.96351
 .12852E+09       89400.00      32.49964    32.49952    28.96342
 .12852E+09       89800.00      32.49202    32.49189    28.96333
 .12852E+09       90200.00      32.48443    32.48430    28.96323
 .12852E+09       90600.00      32.47691    32.47677    28.96314
 .12852E+09       91000.00      32.46935    32.46922    28.96305
 .12852E+09       91400.00      32.46187    32.46173    28.96296
 .12852E+09       91800.00      32.45442    32.45428    28.96287
 .12852E+09       92200.00      32.44698    32.44683    28.96278
 .12852E+09       92600.00      32.43960    32.43946    28.96269
 .12852E+09       93000.00      32.43224    32.43209    28.96260
 .12852E+09       93400.00      32.42490    32.42475    28.96251
 .12852E+09       93800.00      32.41753    32.41738    28.96241
 .12852E+09       94200.00      32.41021    32.41006    28.96232
 .12852E+09       94600.00      32.40303    32.40287    28.96223
 .12852E+09       95000.00      32.39581    32.39565    28.96214
 .12852E+09       95400.00      32.38864    32.38848    28.96205
 .12852E+09       95800.00      32.38148    32.38132    28.96196
 .12852E+09       96200.00      32.37426    32.37409    28.96187
 .12852E+09       96600.00      32.36717    32.36700    28.96178
 .12852E+09       97000.00      32.36021    32.36004    28.96169
 .12852E+09       97400.00      32.35295    32.35277    28.96159
 .12852E+09       97800.00      32.34593    32.34575    28.96150
 .12852E+09       98200.00      32.33906    32.33887    28.96141
 .12852E+09       98600.00      32.33204    32.33186    28.96132
 .12852E+09       99000.00      32.32511    32.32492    28.96123
 .12852E+09       99400.00      32.31821    32.31802    28.96114
 .12852E+09       99800.00      32.31136    32.31116    28.96104
 .12852E+09      100200.00      32.30446    32.30426    28.96095
 .12852E+09      200000.00      31.11799    31.11511    28.93752
 .12852E+09      400000.00      29.95347    29.91457    28.88637
 .12852E+09      600000.00      29.36030    29.20922    28.82837
 .12852E+09      800000.00      29.03642    28.70769    28.76143
 .12852E+09     1000000.00      28.83831    28.31813    28.68225
 .12852E+09     1200000.00      28.68553    27.99945    28.58533
 .12852E+09     1400000.00      28.53447    27.72984    28.46040
 .12852E+09     1600000.00      28.34981    27.49594    28.28431
